[[10, 14, 20, 29, 42, 61, 88, 127, 183, 263, 379, 545, 784, 1128, 1623, 2335, 3359, 4832, 6951, 10000], [0.00011714700031006942, 7.145600011426723e-05, 0.00039513699994131457, 0.0005789410006400431, 0.0007663079995836597, 0.0008155350005836226, 0.0004435279997778707, 0.006273098000747268, 0.00113438500011398, 0.005797707999590784, 0.007628912999280146, 0.016609351000624883, 0.03357371000038256, 0.08964019599989115, 0.34947149500021624, 1.6018988989999343, 1.3559631660000377, 3.884977252000681, 9.87216565900053, 20.72566535199985]]
[[10, 14, 20, 29, 42, 61, 88, 127, 183, 263, 379, 545, 784, 1128, 1623, 2335, 3359, 4832, 6951, 10000], [0.06383219799954531, 0.0003610160001699114, 0.00041035699996427866, 0.0004164400006629876, 0.0006585179999092361, 0.001953543000126956, 0.000575226000364637, 0.0008134780000546016, 0.0020460799996726564, 0.02343942799961951, 0.0053084920000401326, 0.01002956800039101, 0.022119288000794768, 0.06257275400002982, 0.1620031630000085, 0.3745008260002578, 0.96968506399935, 2.5721005599998534, 7.615716485000121, 22.15029722899999]]
[[10, 14, 20, 29, 42, 61, 88, 127, 183, 263, 379, 545, 784, 1128, 1623, 2335, 3359, 4832, 6951, 10000], [0.06833176199961599, 0.00012528799925348721, 0.00026982500003214227, 0.0004612700004145154, 0.000686014000166324, 0.00035867199949279893, 0.00032664500031387433, 0.005797036999865668, 0.010432975999719929, 0.012094063999938953, 0.004784063999977661, 0.013084199999866541, 0.2317041539999991, 0.08453667699996004, 0.2060862670005008, 0.4462356509993697, 1.2690310210000462, 2.9037655900001482, 9.320803558999614, 27.318486987000142]]
[[10, 14, 20, 29, 42, 61, 88, 127, 183, 263, 379, 545, 784, 1128, 1623, 2335, 3359, 4832, 6951, 10000], [0.06871300599959795, 0.00019360200076334877, 0.0004180430005362723, 0.0005203119999350747, 0.0009005450001495774, 0.0007587949994558585, 0.0007098579999365029, 0.007008149000284902, 0.00572059000023728, 0.011732175000361167, 0.004941518000123324, 0.011072420999880705, 0.03253939200021705, 0.06403148299978056, 0.16814806099955604, 0.42462556199916435, 1.095844861999467, 3.275515871000607, 10.057802959999208, 26.42420904499977]]
[[10, 14, 20, 29, 42, 61, 88, 127, 183, 263, 379, 545, 784, 1128, 1623, 2335, 3359, 4832, 6951, 10000], [0.06752854400019714, 0.0001277290002690279, 0.0005482510005094809, 0.00029048700071143685, 0.0005160109994903905, 0.0007349110001086956, 0.0013269010005387827, 0.004950210000060906, 0.0027166899999429006, 0.01251249100005225, 0.0037977389993102406, 0.00837586600027862, 0.026507135999963793, 0.0679759960003139, 0.18389212400052202, 0.49961807199997565, 1.1514551220006979, 4.195552348999627, 10.14163750500029, 32.42965317300059]]
[[10, 14, 20, 29, 42, 61, 88, 127, 183, 263, 379, 545, 784, 1128, 1623, 2335, 3359, 4832, 6951, 10000], [0.06883704299980309, 0.00012342099944362417, 0.0001887540001916932, 0.0002764169994406984, 0.0004745360001834342, 0.0010614900002110517, 0.0005788910002593184, 0.006128084000010858, 0.001737450999826251, 0.012333503999798268, 0.003375963000507909, 0.008434137999756786, 0.02352718200017989, 0.0712577259992031, 0.16951221599993005, 0.44228038900018873, 1.0657602909996058, 2.9605070330007948, 8.676371980000113, 24.218149878000077]]
[[10, 14, 20, 29, 42, 61, 88, 127, 183, 263, 379, 545, 784, 1128, 1623, 2335, 3359, 4832, 6951, 10000], [0.06921873100054654, 0.0003751190006369143, 0.0006282390004344052, 0.00028312399990682025, 0.0004195499996058061, 0.0005645080000249436, 0.003148898999825178, 0.007665653000003658, 0.00878109899986157, 0.01057681899965246, 0.0053831549994356465, 0.01125223399958486, 0.02539515599983133, 0.05905651599914563, 0.2150446429996009, 0.4577773420005542, 1.052572503999727, 2.9872713269996893, 8.53856451699994, 22.982746556000166]]
[[10, 14, 20, 29, 42, 61, 88, 127, 183, 263, 379, 545, 784, 1128, 1623, 2335, 3359, 4832, 6951, 10000], [0.06471976400007406, 0.00013482299982570112, 0.00033498500033601886, 0.00041820800015557325, 0.0006837250002718065, 0.0004483339998841984, 0.0006489019997388823, 0.006895520000398392, 0.009811810000428522, 0.008933761000662344, 0.0033811739995144308, 0.010269523000715708, 0.024487871000019368, 0.07377007299965044, 0.1876444179997634, 0.4249511950001761, 1.0441515669999717, 2.912858466000216, 8.34454755600018, 23.497227826999733]]
[[10, 14, 20, 29, 42, 61, 88, 127, 183, 263, 379, 545, 784, 1128, 1623, 2335, 3359, 4832, 6951, 10000], [0.06409285900008399, 0.00033095100025093416, 0.0003255809997426695, 0.00011156999971717596, 0.0003503820007608738, 0.00032391400054621045, 0.0003276820007158676, 0.0055870629994387855, 0.0075326159994801856, 0.011690328999975463, 0.00503395299983822, 0.009958023999388388, 0.020502117999967595, 0.05672675999994681, 0.16732858999966993, 0.3936182369998278, 0.9949429839998629, 2.722265380999488, 8.483333944000151, 23.857500371999777]]
[[10, 14, 20, 29, 42, 61, 88, 127, 183, 263, 379, 545, 784, 1128, 1623, 2335, 3359, 4832, 6951, 10000], [0.06399707999935345, 0.00014707399986946257, 0.00038339300044754054, 0.00019460000021354062, 0.0004275700002835947, 0.0006024519998391042, 0.00039162299981398974, 0.00573511599941412, 0.005442366999886872, 0.008947334999902523, 0.004490285999963817, 0.008634237000478606, 0.02171187999920221, 0.060312059999887424, 0.17916612600038206, 0.4074210749995473, 1.0417911840004308, 2.8460502749994703, 9.008135158999721, 28.800054606999765]]
[[10, 14, 20, 29, 42, 61, 88, 127, 183, 263, 379, 545, 784, 1128, 1623, 2335, 3359, 4832, 6951, 10000], [0.07001397000021825, 0.0009671210000306019, 0.0002002279998123413, 0.00023597200015501585, 0.0008863670000209822, 0.0007363929998973617, 0.0005823840001539793, 0.0006092539997553104, 0.007261466999807453, 0.0024403190000157338, 0.002837521000401466, 0.008873400999618752, 0.019004068000867846, 0.04656199100008962, 0.12987278799937485, 0.4070877260000998, 1.3777678179994837, 3.116008478000367, 6.192321995999919, 20.733781447000183]]
[[10, 14, 20, 29, 42, 61, 88, 127, 183, 263, 379, 545, 784, 1128, 1623, 2335, 3359, 4832, 6951, 10000], [0.0015546180002274923, 0.001008259999252914, 0.00026093199994647875, 0.00040488200011168374, 0.0007739780003248597, 0.00032699600069463486, 0.0004281149995222222, 0.0009308130001954851, 0.0008284280002044397, 0.0035700500002349145, 0.002021907000198553, 0.006749979000232997, 0.016214279000450915, 0.04634337300012703, 0.12834574700082158, 0.3180084400000851, 0.8073695379998753, 2.1985010959997453, 6.508277586999611, 20.99837920400023]]
[[10, 14, 20, 29, 42, 61, 88, 127, 183, 263, 379, 545, 784, 1128, 1623, 2335, 3359, 4832, 6951, 10000], [0.001958789999662258, 0.0008927139997467748, 0.0005015479991925531, 0.00011171799997100607, 0.0001684079998085508, 0.00022844500017527025, 0.00027335200047673425, 0.0005234870004642289, 0.0009642649993111263, 0.004714936000709713, 0.0021872790002817055, 0.015499637000175426, 0.014243084000554518, 0.050607389000106195, 0.2172303560000728, 0.3049184340006832, 0.811855946999458, 2.3166193850001946, 8.276062436999382, 19.861246377000498]]
[[10, 14, 20, 29, 42, 61, 88, 127, 183, 263, 379, 545, 784, 1128, 1623, 2335, 3359, 4832, 6951, 10000], [0.0018203660001745448, 0.0004907850006929948, 0.0005312400007824181, 0.0005388650006352691, 0.0006096070001149201, 0.00019110900029772893, 0.00026385799992567627, 0.0003908159997081384, 0.0010544149999986985, 0.0039848850001362734, 0.0023854380006014253, 0.00712537599974894, 0.015770360999340483, 0.048578048999843304, 0.11953723300030106, 0.3264405659992917, 0.8680051969995475, 2.4676894370004447, 6.846627828000237, 19.136984731000666]]
[[10, 14, 20, 29, 42, 61, 88, 127, 183, 263, 379, 545, 784, 1128, 1623, 2335, 3359, 4832, 6951, 10000], [0.0014834359999440494, 0.00047326200001407415, 0.00038510299964400474, 0.00028166499942017253, 0.00023012500059849117, 0.0002682269996512332, 0.0003629160000855336, 0.00034443699951225426, 0.000689245999637933, 0.0047590450003554, 0.002154083000277751, 0.010217453000223031, 0.020714537000458222, 0.04900475699923845, 0.18006357499962178, 0.34415419200013275, 0.9874239599994326, 2.524013535999984, 7.195188353000049, 19.488676589000534]]
[[10, 14, 20, 29, 42, 61, 88, 127, 183, 263, 379, 545, 784, 1128, 1623, 2335, 3359, 4832, 6951, 10000], [0.0015683470001022215, 0.0005127559998072684, 0.0007809599992469884, 0.0011524659994393005, 0.00024900199969124515, 0.0001649410005484242, 0.00017072699938580627, 0.0002928730000348878, 0.0012319749994276208, 0.005990415000269422, 0.0024105780003083055, 0.00798551400021097, 0.01715641700047854, 0.05001122100020439, 0.19227847300044232, 0.3228916660000323, 0.874997803000042, 2.5376108670006943, 8.451695214999745, 23.319562220999615]]
[[10, 14, 20, 29, 42, 61, 88, 127, 183, 263, 379, 545, 784, 1128, 1623, 2335, 3359, 4832, 6951, 10000], [0.001237466000020504, 0.00010892400041484507, 8.217199956561672e-05, 9.109499933401821e-05, 0.00010123999982170062, 0.00013056199986749562, 0.0001667910000833217, 0.0004218599997329875, 0.0009383230008097598, 0.0049733699997887015, 0.0035485320004227106, 0.009672695000517706, 0.01939428100013174, 0.048715021000134584, 0.12494940800024779, 0.3157329879995814, 0.8620995450000919, 2.884319357000095, 7.6956015610003305, 19.97718436299965]]
[[10, 14, 20, 29, 42, 61, 88, 127, 183, 263, 379, 545, 784, 1128, 1623, 2335, 3359, 4832, 6951, 10000], [0.0017079770004784223, 0.0005927760003032745, 0.0007232380003188155, 0.0006072039996070089, 0.0002508850002413965, 0.00019009900006494718, 0.0002815489997374243, 0.0005372260002332041, 0.0013488630002029822, 0.0036723470002471004, 0.0029362340001171106, 0.007156775999646925, 0.014939991999199265, 0.04925965900019946, 0.12197015400033706, 0.3157324019994121, 0.9188601569994717, 2.3577533120005683, 6.800949876999766, 17.859732095000254]]
[[10, 14, 20, 29, 42, 61, 88, 127, 183, 263, 379, 545, 784, 1128, 1623, 2335, 3359, 4832, 6951, 10000], [0.0014550289997714572, 0.0005649869999615476, 0.0007025650002105976, 0.0007903910000095493, 0.0005423539996627369, 0.00016977199993561953, 0.00027442000009614276, 0.0005589349993897486, 0.0005992529995637597, 0.00235813400013285, 0.002602366999781225, 0.006569338000190328, 0.01574151100066956, 0.04984868099927553, 0.1602496119994612, 0.3097149180002816, 0.8234829839993836, 2.380932787000347, 6.708296614000574, 17.911521570999867]]
[[10, 14, 20, 29, 42, 61, 88, 127, 183, 263, 379, 545, 784, 1128, 1623, 2335, 3359, 4832, 6951, 10000], [0.00125690000004397, 0.0008264090001830482, 0.00028354799997032387, 0.0001820110001062858, 0.00013873399984731805, 0.00014008399921294767, 0.00026346899994678097, 0.0006064710005375673, 0.0005853140000908752, 0.003107225999883667, 0.0034893519996330724, 0.006752079999387206, 0.016767534999416966, 0.05404989899943757, 0.1276365200001237, 0.3291844920004223, 0.7765886729994236, 2.1424957230001382, 5.916628405000665, 16.731217012999878]]
[[10, 14, 20, 29, 42, 61, 88, 127, 183, 263, 379, 545, 784, 1128, 1623, 2335, 3359, 4832, 6951, 10000], [0.0009638510000513634, 0.0001943439992828644, 0.0003532209993863944, 0.0011381159993106849, 0.0003923419999409816, 0.0006044470001143054, 0.0001872809998531011, 0.00026563899973552907, 0.0005134470002303715, 0.0031606579996150685, 0.0017303070007983479, 0.00468987099975493, 0.013161439000214159, 0.03112520700051391, 0.06836782099981065, 0.17244183200000407, 0.4735458410004867, 1.3955958779997673, 3.6502956899994388, 10.241781514999275]]
[[10, 14, 20, 29, 42, 61, 88, 127, 183, 263, 379, 545, 784, 1128, 1623, 2335, 3359, 4832, 6951, 10000], [0.0008953779997682432, 0.000175568000486237, 0.0011571159993764013, 0.00042802499956451356, 0.000645719000203826, 0.00022886300030222628, 0.00041420400066272123, 0.0002670880003279308, 0.0005249960004221066, 0.0033846239994090865, 0.0023411880001731333, 0.004932154000016453, 0.011475831000097969, 0.032713997999962885, 0.07880755800033512, 0.20227098199939064, 0.49250254799972026, 1.4987674879994302, 3.968461584000579, 10.587306795999211]]
[[10, 14, 20, 29, 42, 61, 88, 127, 183, 263, 379, 545, 784, 1128, 1623, 2335, 3359, 4832, 6951, 10000], [0.0005339649997040397, 7.3990000601043e-05, 6.174800000735559e-05, 0.00016147999940585578, 0.00011635999999271007, 0.00012747100026899716, 0.00028042700068908744, 0.0002757869997367379, 0.00044216100013727555, 0.0039682879996689735, 0.0014904899999237387, 0.005376992000492464, 0.010158760000194889, 0.03625021900006686, 0.07872932299960667, 0.21076063500004238, 0.5077540419997604, 1.4736136110004736, 3.8222709920000852, 10.560912381999515]]
[[10, 14, 20, 29, 42, 61, 88, 127, 183, 263, 379, 545, 784, 1128, 1623, 2335, 3359, 4832, 6951, 10000], [0.0009247629996025353, 0.0004929289998472086, 0.0006435430004785303, 0.0005184840001675184, 0.0003203249998477986, 0.00029414399978122674, 0.00015381399953184882, 0.00023075500030245166, 0.0016749229998822557, 0.004845929000111937, 0.013935666999714158, 0.020817766000618576, 0.014405565999368264, 0.057764987999689765, 0.08932588900006522, 0.46683595400008926, 0.4756911959993886, 1.504782940000041, 3.858540462999372, 10.740653102000579]]
[[10, 14, 20, 29, 42, 61, 88, 127, 183, 263, 379, 545, 784, 1128, 1623, 2335, 3359, 4832, 6951, 10000], [0.0010807219996422646, 0.00011247500060562743, 6.539500009239418e-05, 6.457099971157731e-05, 7.766500038997037e-05, 8.915299986256287e-05, 0.00018575400008558063, 0.00024687699988135137, 0.0006287000005613663, 0.0027963130005446146, 0.0033357849997628364, 0.0061781670001437305, 0.010970901000291633, 0.0371563150001748, 0.07433502800085989, 0.19609032000062143, 0.49663263599995844, 1.4540219049995358, 3.8347926789992925, 10.65722050399927]]
[[10, 14, 20, 29, 42, 61, 88, 127, 183, 263, 379, 545, 784, 1128, 1623, 2335, 3359, 4832, 6951, 10000], [0.0013966050000817631, 0.0004193640006633359, 0.00041788799990172265, 0.000678318000609579, 0.0006562830003531417, 0.000222306999603461, 0.00014868899961584248, 0.000235527000768343, 0.0005662659996232833, 0.0043387100004110835, 0.002433068999380339, 0.005697448999853805, 0.01197997100007342, 0.03420373600056337, 0.07690599800025666, 0.20242955600042478, 0.5383712329994523, 1.5028233740003998, 3.732045386000209, 10.99927168100021]]
[[10, 14, 20, 29, 42, 61, 88, 127, 183, 263, 379, 545, 784, 1128, 1623, 2335, 3359, 4832, 6951, 10000], [0.0009821189996728208, 0.0005692929998986074, 0.0005028400000810507, 0.0005022060004193918, 0.0003238690005673561, 0.0003945360003854148, 0.00036610799998015864, 0.0015671309993194882, 0.0008150590001605451, 0.002925148000031186, 0.002795522999804234, 0.00927567500002624, 0.0112163989997498, 0.03446301100029814, 0.0843142079993413, 0.22455884000009974, 0.5204078289998506, 1.5204683590000059, 4.334139982999659, 10.520171281999865]]
[[10, 14, 20, 29, 42, 61, 88, 127, 183, 263, 379, 545, 784, 1128, 1623, 2335, 3359, 4832, 6951, 10000], [0.0009473469999647932, 0.0003599840001697885, 0.00025124900002992945, 0.00024643699998705415, 0.00026754800001072, 0.00038793200019426877, 0.0001409599999533384, 0.00021757499962404836, 0.000697882999702415, 0.0038391540001612157, 0.0031666350005252752, 0.009717140000248037, 0.0103200570001718, 0.030075577000388876, 0.08376866100024927, 0.19394155200006935, 0.48454707200016855, 1.4435746760000256, 3.8325196400001005, 10.48843280300025]]
[[10, 14, 20, 29, 42, 61, 88, 127, 183, 263, 379, 545, 784, 1128, 1623, 2335, 3359, 4832, 6951, 10000], [0.0008248249996540835, 0.00021925300006842008, 0.000244527000177186, 0.0003720479999174131, 0.0004008659998362418, 0.0002761269997790805, 0.00013696599944523768, 0.00021890999960305635, 0.0004403080001793569, 0.003387814000234357, 0.0015733000000182074, 0.004766180999467906, 0.010410881999632693, 0.030833070999506162, 0.0723272180002823, 0.18446850500004075, 0.5089935629994216, 1.5050045190000674, 3.8748813259999224, 10.424350545999914]]
[[10, 14, 20, 29, 42, 61, 88, 127, 183, 263, 379, 545, 784, 1128, 1623, 2335, 3359, 4832, 6951, 10000], [0.001010272999337758, 0.00029118400016159285, 9.477099956711754e-05, 6.790400038880762e-05, 7.972100047481945e-05, 8.965699998952914e-05, 0.00012155900003563147, 0.00032439400001749163, 0.0005227659994488931, 0.0029212859999461216, 0.0016753729996707989, 0.004551778999484668, 0.012049116000525828, 0.0347478339999725, 0.07608478499969351, 0.1847539139998844, 0.5023914940002214, 1.4618520819994956, 3.9292767050001203, 10.272820154000328]]
[[10, 14, 20, 29, 42, 61, 88, 127, 183, 263, 379, 545, 784, 1128, 1623, 2335, 3359, 4832, 6951, 10000], [0.0009319000000687083, 0.00023796999994374346, 0.00020234000021446263, 0.00032575999921391485, 0.00010531299994909205, 0.00012184700062789489, 0.0002573000001575565, 0.0003453759991316474, 0.0006174800000735559, 0.0049147080007969635, 0.00468624000041018, 0.006929256000148598, 0.019108995999886247, 0.04659316899960686, 0.11719073499989463, 0.28633382999942114, 0.744436441000289, 2.0942427659992973, 5.53568333900057, 15.627797600000122]]
[[10, 14, 20, 29, 42, 61, 88, 127, 183, 263, 379, 545, 784, 1128, 1623, 2335, 3359, 4832, 6951, 10000], [0.0011147459999847342, 0.00014915800056769513, 8.9957999989565e-05, 0.00010554000073170755, 0.0001098869997804286, 0.0004402329996082699, 0.0005369470000005094, 0.0013276439995024703, 0.005820294999466569, 0.002039691999925708, 0.0025745949997144635, 0.008362897000552039, 0.017659457999798178, 0.04580811000050744, 0.12502811100057443, 0.2746899990006568, 0.9059990750001816, 2.156566202999784, 5.460942516000614, 15.724099199999728]]
[[10, 14, 20, 29, 42, 61, 88, 127, 183, 263, 379, 545, 784, 1128, 1623, 2335, 3359, 4832, 6951, 10000], [0.0010306960002708365, 0.00013168900022719754, 9.763199977896875e-05, 0.00018304000059288228, 0.00017280999963986687, 0.0005652609997923719, 0.0005117370001244126, 0.0010467370002515963, 0.0047835429995757295, 0.0035944520004704827, 0.005375734000153898, 0.007055475999550254, 0.019700308000210498, 0.049206497999875864, 0.12886207700012164, 0.2823006729995541, 0.759064433000276, 2.043132763000358, 5.516233987000305, 15.647902687000169]]
[[10, 14, 20, 29, 42, 61, 88, 127, 183, 263, 379, 545, 784, 1128, 1623, 2335, 3359, 4832, 6951, 10000], [0.0011945360001845984, 0.0001868680001280154, 0.00012590499954967527, 0.00012038900058541913, 0.00022438299947680207, 0.0004095009999218746, 0.0006579640003110399, 0.0006569289998878958, 0.0055972139998630155, 0.003868437999699381, 0.0029166819995225524, 0.008121817999381165, 0.0345036609996896, 0.04790608799976326, 0.1280810920006843, 0.29264413399960176, 0.7839388610000242, 2.189172960000178, 5.496504761999859, 15.416774796000027]]
[[10, 14, 20, 29, 42, 61, 88, 127, 183, 263, 379, 545, 784, 1128, 1623, 2335, 3359, 4832, 6951, 10000], [0.0013089020003462792, 0.0002013000002989429, 9.920499996951548e-05, 9.880399920803029e-05, 0.00016214600054809125, 0.00016798300021036994, 0.000982145000307355, 0.0008176740002454608, 0.006546786999933829, 0.0016426759993919404, 0.002166180000131135, 0.009277238999857218, 0.01962357000047632, 0.05109854500005895, 0.12875935300053243, 0.296763497000029, 0.711069695000333, 2.1448730520005483, 5.490694662999886, 15.563027263999174]]
[[10, 14, 20, 29, 42, 61, 88, 127, 183, 263, 379, 545, 784, 1128, 1623, 2335, 3359, 4832, 6951, 10000], [0.0016383929996663937, 0.00014315900079964194, 0.00012793099995178636, 0.00022609200004808372, 0.00012754799990943866, 0.00048752800012152875, 0.00021979000030114548, 0.0008301590005430626, 0.012222063999615784, 0.0038721669998267316, 0.005174320999685733, 0.006514398000035726, 0.018429931000355282, 0.04248607799945603, 0.12132624000059877, 0.28988567699980194, 0.7280672000006234, 2.0813840920000075, 5.680561201999808, 15.63505279399942]]
[[10, 14, 20, 29, 42, 61, 88, 127, 183, 263, 379, 545, 784, 1128, 1623, 2335, 3359, 4832, 6951, 10000], [0.0016233650003414368, 0.0002934700005425839, 0.0003798280004048138, 0.0003224740003133775, 0.000339833999532857, 0.0005180160005693324, 0.00020500800019362941, 0.0003469179991952842, 0.0054051890001574066, 0.002347251999708533, 0.0022634369997831527, 0.008454450999124674, 0.015073593000124674, 0.04616405900014797, 0.12251040399951307, 0.2751122400004533, 0.7284757070001433, 2.0547163199998977, 5.573606803000075, 15.908430876999773]]
[[10, 14, 20, 29, 42, 61, 88, 127, 183, 263, 379, 545, 784, 1128, 1623, 2335, 3359, 4832, 6951, 10000], [0.0012720810000246274, 0.0002690290002647089, 0.0006842749999123043, 0.0001414319995092228, 0.00010347999977966538, 0.00012161700033175293, 0.0001806049995138892, 0.0012360139999145758, 0.004063475000293693, 0.0026588459995764424, 0.0027401919996918878, 0.005479985999954806, 0.01870736199998646, 0.04656766400057677, 0.12635257900001307, 0.2602935989998514, 0.7703268939994814, 2.072676671999943, 5.533467074000328, 15.735562200999993]]
[[10, 14, 20, 29, 42, 61, 88, 127, 183, 263, 379, 545, 784, 1128, 1623, 2335, 3359, 4832, 6951, 10000], [0.0023884319998614956, 0.0001892729997052811, 0.000117869999485265, 0.00019028299993806286, 0.00019554000027710572, 0.0008278349996544421, 0.0005097210005260422, 0.0007009219998508343, 0.0040895199999795295, 0.0016412230006608297, 0.0024594059996161377, 0.00849806400037778, 0.01882184199985204, 0.04508462700050586, 0.12298621599984472, 0.2965167640004438, 0.7375958109996645, 2.1152054510002927, 5.509321272000307, 20.309752744000434]]
[[10, 14, 20, 29, 42, 61, 88, 127, 183, 263, 379, 545, 784, 1128, 1623, 2335, 3359, 4832, 6951, 10000], [0.0011246479998590075, 0.0001603720002094633, 0.00017391999972460326, 0.00012885500018455787, 0.0001115019995268085, 0.0007807880001564627, 0.0007445989995176205, 0.0003865389999191393, 0.005003831000067294, 0.002356089999921096, 0.002916679000009026, 0.0062268900001072325, 0.020193651000226964, 0.04774866800016753, 0.14001213000028656, 0.2868105560000913, 0.7985516180006016, 3.0382441960000506, 5.3600315339999725, 15.916378697000255]]
[[10, 14, 20, 29, 42, 61, 88, 127, 183, 263, 379, 545, 784, 1128, 1623, 2335, 3359, 4832, 6951, 10000], [0.0020780750000994885, 0.0005098169995108037, 0.0008371129997613025, 0.0013124400002197945, 0.0001584170004207408, 0.000134226999762177, 0.0006304789994828752, 0.0010125559992957278, 0.005079366999780177, 0.002512535999812826, 0.00301966699953482, 0.008999706000395236, 0.01650166800027364, 0.04906809499971132, 0.14043337600014638, 0.318641674999526, 0.8296377200003917, 2.396181099000387, 6.67081230399981, 18.26327977299934]]
[[10, 14, 20, 29, 42, 61, 88, 127, 183, 263, 379, 545, 784, 1128, 1623, 2335, 3359, 4832, 6951, 10000], [0.0011226770002394915, 0.0005469500001709093, 0.0008067750004556729, 0.00045767499977955595, 0.0005748829998992733, 0.0009233170003426494, 0.0004091889995834208, 0.0004265409997969982, 0.0005986659998598043, 0.001624063999770442, 0.0038327180000123917, 0.006275633999393904, 0.018197487000179535, 0.04308116499942116, 0.1245259889992667, 0.3259493659998043, 0.8315643949999867, 2.450488263999432, 6.208913997999844, 16.42347066899947]]
[[10, 14, 20, 29, 42, 61, 88, 127, 183, 263, 379, 545, 784, 1128, 1623, 2335, 3359, 4832, 6951, 10000], [0.0011466839996501221, 0.0004500800005189376, 0.0003498839996609604, 0.00011580099999264348, 0.00012044499999319669, 0.00019082000017078826, 0.00035345699961908394, 0.00039364300027955323, 0.0006212199996298295, 0.0010878639996008133, 0.0018805169993356685, 0.006878237999444536, 0.01448455100035062, 0.04992490599943267, 0.10573848200056091, 0.27603642499980197, 0.7418645440002365, 2.0945283490000293, 6.67745781099984, 17.084352988999854]]
[[10, 14, 20, 29, 42, 61, 88, 127, 183, 263, 379, 545, 784, 1128, 1623, 2335, 3359, 4832, 6951, 10000], [0.000993313999970269, 0.00045541200051957276, 0.0007973100000526756, 0.0005490879993885756, 0.0004927499994664686, 0.0004802749999726075, 0.0003199910006514983, 0.0005836849995830562, 0.0008470460006719804, 0.0017775079995772103, 0.0027809120001620613, 0.0053975199998603784, 0.02447956099967996, 0.045416085999931965, 0.11596278000070015, 0.30041004099985, 0.8233616360002998, 2.4649062280004728, 6.586876833000133, 17.81517158099996]]
[[10, 14, 20, 29, 42, 61, 88, 127, 183, 263, 379, 545, 784, 1128, 1623, 2335, 3359, 4832, 6951, 10000], [0.0006268380002438789, 0.0006212329999470967, 0.0005016869999963092, 0.0005938170006629662, 0.00013665799997397698, 0.00013349399978324072, 0.00017422000018996187, 0.0003194799992343178, 0.0008200869997381233, 0.0011727789997166838, 0.0021358899994083913, 0.0065711269999155775, 0.015713206000327773, 0.046773621999818715, 0.11787145500056795, 0.29451932100073464, 0.8595501900008458, 3.034678222000366, 7.447522653000306, 26.274613718000182]]
[[10, 14, 20, 29, 42, 61, 88, 127, 183, 263, 379, 545, 784, 1128, 1623, 2335, 3359, 4832, 6951, 10000], [0.0010621130004437873, 0.0005172759993001819, 0.00037446399983309675, 0.00010905199997068848, 0.00010691300030885031, 0.00012971400064998306, 0.00016706299993529683, 0.00028562799980136333, 0.0005921970005147159, 0.0017392399995515007, 0.002363123000577616, 0.006405498000276566, 0.014783190000343893, 0.0428888869992079, 0.10352441600025486, 0.2822820870005671, 0.790729148000537, 2.6551135990002876, 6.686806552999769, 17.8490070200005]]
[[10, 14, 20, 29, 42, 61, 88, 127, 183, 263, 379, 545, 784, 1128, 1623, 2335, 3359, 4832, 6951, 10000], [0.0022399669996957527, 0.00015599400012433762, 0.0001143099998444086, 0.00012800500007870141, 0.00014986600035626907, 0.00018272200031788088, 0.00017095900057029212, 0.00036469399947236525, 0.0013314810003066668, 0.0030669859997942694, 0.00265880200004176, 0.009864982000181044, 0.015246749999278109, 0.04505384999993112, 0.12293818999933137, 0.3090023670001756, 0.9134372319995236, 2.3030700010003784, 6.332742194000275, 18.30632672200045]]
[[10, 14, 20, 29, 42, 61, 88, 127, 183, 263, 379, 545, 784, 1128, 1623, 2335, 3359, 4832, 6951, 10000], [0.0009864040002867114, 0.0006109469995863037, 0.00015433699991262984, 0.00010076500075228978, 0.00016357599997718353, 0.00019499399968481157, 0.0002869889995054109, 0.000510779999785882, 0.0008951099998739664, 0.0016318980005962658, 0.003133727999738767, 0.007310326999686367, 0.01761314699979266, 0.05444595700009813, 0.12162654799976735, 0.3024056370004473, 0.8289686449998044, 2.321982012999797, 6.2846859579995, 17.513900235999245]]
[[10, 14, 20, 29, 42, 61, 88, 127, 183, 263, 379, 545, 784, 1128, 1623, 2335, 3359, 4832, 6951, 10000], [0.0011689809998642886, 0.0004741279999507242, 0.00010347599982196698, 9.46870004554512e-05, 0.0001036690000546514, 0.0001537689995529945, 0.00018257899955642642, 0.0002901999996538507, 0.000612204000390193, 0.002512201000172354, 0.0020004460002382984, 0.010240458000225772, 0.01859527899978275, 0.047799361999750545, 0.13081181300003664, 0.3176362610001888, 0.8495071799998186, 2.235677124999711, 7.07682149700031, 19.05609023999932]]
[[10, 14, 20, 29, 42, 61, 88, 127, 183, 263, 379, 545, 784, 1128, 1623, 2335, 3359, 4832, 6951, 10000], [0.001377631000650581, 0.0006688459998258622, 0.00017349399968225043, 0.00011803300003521144, 0.0001066289996742853, 0.00012648400024772855, 0.0002691830004550866, 0.0005485920000865008, 0.0008611249995738035, 0.002404760999525024, 0.0031424349999724654, 0.023821574000066903, 0.025010182000187342, 0.2504066370001965, 0.12175486100022681, 0.3103294129996357, 0.8327086290000807, 2.402124315999572, 6.484873201000482, 20.261713071000486]]
[[10, 14, 20, 29, 42, 61, 88, 127, 183, 263, 379, 545, 784, 1128, 1623, 2335, 3359, 4832, 6951, 10000], [0.0014983330001996364, 0.0005133029999342398, 0.00048373900062870234, 0.00026691299990488915, 0.0008475570002701716, 0.00020335599947429728, 0.00017249499978788663, 0.00028444100007618545, 0.0006272159998843563, 0.0041494449997117044, 0.004179759999715316, 0.008291826999993646, 0.014394371999514988, 0.04679116700026498, 0.12289996100025746, 0.33245178400011355, 0.8713586320000104, 2.4219744850006464, 7.115083773000151, 18.104624104999857]]
[[10, 14, 20, 29, 42, 61, 88, 127, 183, 263, 379, 545, 784, 1128, 1623, 2335, 3359, 4832, 6951, 10000], [0.0014930080005797208, 0.0010908750000453438, 0.0005592059997070464, 0.0005125089992361609, 0.0001249859997187741, 0.0002888039998651948, 0.00020741999924211996, 0.0003252559999964433, 0.0012432659996193252, 0.002330380000785226, 0.0033326439997836133, 0.00805264599966904, 0.0176687610000954, 0.05140105000009498, 0.12003299199932371, 0.3242531920004694, 0.868792559999747, 2.3317741219998425, 6.371473331000743, 17.8724408879998]]
[[10, 14, 20, 29, 42, 61, 88, 127, 183, 263, 379, 545, 784, 1128, 1623, 2335, 3359, 4832, 6951, 10000], [0.0009379639996041078, 0.0006580680001206929, 0.0004260340001565055, 0.00048083599995152326, 0.0005997329999445355, 0.0002976749992740224, 0.0003362459992786171, 0.0008466730005238787, 0.0006728409998686402, 0.0019993080004496733, 0.0018433639997965656, 0.009241460999874107, 0.017135892000624153, 0.049496382999677735, 0.11611732299934374, 0.31927744899985555, 0.8408625059992119, 2.336107381000147, 6.789161004000562, 18.153349301000162]]
[[10, 14, 20, 29, 42, 61, 88, 127, 183, 263, 379, 545, 784, 1128, 1623, 2335, 3359, 4832, 6951, 10000], [0.000875879999512108, 0.00010148999990633456, 0.00010388000009697862, 0.0001424609999958193, 0.00010420099988550646, 0.00012714700005744817, 0.00016426300044258824, 0.0003063379999730387, 0.000744521999877179, 0.0013818249999530963, 0.0025622769999245065, 0.006729370999892126, 0.017409556000529847, 0.04624080400026287, 0.119975032000184, 0.32941635499992117, 0.8952008000005662, 2.3785601449999376, 6.483941354999843, 17.169944319000024]]
[[10, 14, 20, 29, 42, 61, 88, 127, 183, 263, 379, 545, 784, 1128, 1623, 2335, 3359, 4832, 6951, 10000], [0.0010746810003183782, 0.0012672169996221783, 0.0006234030006453395, 0.0005054350003774744, 0.0007389129996226984, 0.00030852400050207507, 0.0005301630008034408, 0.00036677299976872746, 0.0011151329999847803, 0.0019257200001447927, 0.002003913999942597, 0.00795902899972134, 0.015730449000329827, 0.05316383600074914, 0.11817129999963072, 0.31776525999976, 0.8096665190005297, 2.293632511999931, 6.303078465999533, 16.886276083000666]]
[[10, 14, 20, 29, 42, 61, 88, 127, 183, 263, 379, 545, 784, 1128, 1623, 2335, 3359, 4832, 6951, 10000], [0.0010527750000619562, 0.00041435599996475503, 0.0006185839993122499, 0.0005847610000273562, 0.0005952020001132041, 0.0003014700005223858, 0.0001815249997889623, 0.0004853270002058707, 0.0005889189997105859, 0.0018547879999459838, 0.001964007000424317, 0.006040610000127344, 0.017302324000411318, 0.041501299999254115, 0.10828617600054713, 0.27651633200002834, 0.720418370000516, 2.07213444899935, 5.7400120680003965, 18.31221033899965]]
[[10, 14, 20, 29, 42, 61, 88, 127, 183, 263, 379, 545, 784, 1128, 1623, 2335, 3359, 4832, 6951, 10000], [0.0011577269997360418, 0.0006956130000617122, 0.00046962300075392704, 0.00018125499991583638, 0.00013458900048135547, 0.0001478770000176155, 0.00016962300014711218, 0.00029290400016179774, 0.0005970490001345752, 0.0011775259999922127, 0.0022162309996929253, 0.006965098000364378, 0.016931862000092224, 0.04795468300017092, 0.1128889950005032, 0.30358715700003813, 0.928527244000179, 2.5512058360000083, 6.394386812999983, 18.57957974800047]]
[[10, 14, 20, 29, 42, 61, 88, 127, 183, 263, 379, 545, 784, 1128, 1623, 2335, 3359, 4832, 6951, 10000], [0.0017235220002476126, 0.0007685659993512672, 0.0006232449995877687, 0.0008387180005229311, 0.0004775200004587532, 0.00014784300037717912, 0.0001680450004641898, 0.0005758229999628384, 0.0006056059992260998, 0.0019316470006742748, 0.002223460000095656, 0.007124411000404507, 0.01711236699975416, 0.047067006999895966, 0.10932670700003655, 0.3409203399996841, 0.8496463599994968, 2.344667474999369, 6.845671523000419, 18.2117550819994]]
[[10, 14, 20, 29, 42, 61, 88, 127, 183, 263, 379, 545, 784, 1128, 1623, 2335, 3359, 4832, 6951, 10000], [0.0009367770007884246, 0.0007727000001978013, 0.00029822500073350966, 0.0007201320004242007, 0.0006588769992958987, 0.0002307009999640286, 0.0001727640001263353, 0.00029371099935815437, 0.0006189050000102725, 0.0015533460000369814, 0.001850511999691662, 0.0067780689996652654, 0.01549654000064038, 0.04364137999982631, 0.10502258199994685, 0.2802570320000086, 0.755967953000436, 2.0809412789994894, 9.971232773000338, 19.151698245999796]]
[[10, 14, 20, 29, 42, 61, 88, 127, 183, 263, 379, 545, 784, 1128, 1623, 2335, 3359, 4832, 6951, 10000], [0.0013179670004319632, 0.0010044580003523151, 0.0002101400004903553, 0.00018504699983168393, 0.00012076799976057373, 0.0001319149996561464, 0.00017058699995686766, 0.0005059229997641523, 0.0013943219992142986, 0.0021579550002570613, 0.0024657590001879726, 0.005859929000507691, 0.01716221999959089, 0.044857666000098106, 0.24555068300014682, 0.31382239699996717, 0.7676061279998976, 2.34635601699938, 6.475541239999984, 17.500041076000343]]
[[10, 14, 20, 29, 42, 61, 88, 127, 183, 263, 379, 545, 784, 1128, 1623, 2335, 3359, 4832, 6951, 10000], [0.0011581010003283154, 0.0006446990000767983, 0.0009893970000121044, 0.00041910199979611207, 0.0005278729995552567, 0.00027688399950420717, 0.00023708600019745063, 0.0002963130000352976, 0.0010712590001276112, 0.002056154999991122, 0.0026460910003152094, 0.007351293000283476, 0.015690578000430833, 0.04323178599952371, 0.1112385650003489, 0.29021243900024274, 0.7695537580002565, 2.2752133089998097, 6.118835379999837, 17.82872064000003]]
[[10, 14, 20, 29, 42, 61, 88, 127, 183, 263, 379, 545, 784, 1128, 1623, 2335, 3359, 4832, 6951, 10000], [0.0010268410005664919, 0.000504274000377336, 0.0009145989997705328, 0.000734771000679757, 0.00031920299988996703, 0.00028286700035096146, 0.00043133300005138153, 0.001089617000616272, 0.0008017179998205393, 0.0017380799999955343, 0.0023858659997131326, 0.006793247999667074, 0.016172945000107575, 0.046893855999769585, 0.11823291200016683, 0.3049014479993275, 0.7857760639999469, 2.2573085409994746, 6.464160393999919, 18.537256956999954]]
[[10, 14, 20, 29, 42, 61, 88, 127, 183, 263, 379, 545, 784, 1128, 1623, 2335, 3359, 4832, 6951, 10000], [0.0021263730004648096, 0.0002258690001326613, 0.000303169999824604, 0.00020246599979145685, 0.0005100939997646492, 0.0002037050007857033, 0.0003244780000386527, 0.0005285689994707354, 0.0014716059995407704, 0.001469351000196184, 0.002455455000017537, 0.01153383400014718, 0.018569313000625698, 0.04247825299989927, 0.11382761400000163, 0.3077513120006188, 0.8067928919999758, 2.272770882000259, 6.345963097000094, 18.51099012800023]]
[[10, 14, 20, 29, 42, 61, 88, 127, 183, 263, 379, 545, 784, 1128, 1623, 2335, 3359, 4832, 6951, 10000], [0.0008959460001278785, 0.0024344230005226564, 0.0009427590002815123, 0.0005335240002750652, 0.0005150120005055214, 0.0004153700001552352, 0.00018424500012770295, 0.0003184750003129011, 0.0005947549998381874, 0.002377803999479511, 0.001981403999707254, 0.00948147799954313, 0.014827291000074183, 0.055610951000744535, 0.12183241099955922, 0.3315204400005314, 0.8400492969994957, 2.3561704419998932, 6.462738223999622, 17.54876015100035]]
[[10, 14, 20, 29, 42, 61, 88, 127, 183, 263, 379, 545, 784, 1128, 1623, 2335, 3359, 4832, 6951, 10000], [0.0009564700003465987, 0.0005298390005918918, 0.00017665900031715864, 0.0001695850005489774, 0.000212001999898348, 0.00022298299973044777, 0.00044300199988356326, 0.0006018000003678026, 0.0005977920000077575, 0.0013896269992983434, 0.002639083999383729, 0.00532499699966138, 0.014493697000034444, 0.04728890400019736, 0.12125824100075988, 0.31426973499947053, 0.7929468350002935, 2.4258092239997495, 6.14165555999989, 17.09513815399987]]
[[10, 14, 20, 29, 42, 61, 88, 127, 183, 263, 379, 545, 784, 1128, 1623, 2335, 3359, 4832, 6951, 10000], [0.001751742000124068, 0.00043264000032650074, 0.00025413200000912184, 0.00014431399995373795, 0.00013875300010113278, 0.00014306600041891215, 0.0001703510006336728, 0.0003298189994893619, 0.0006011189998389455, 0.002140028999747301, 0.0022467449998657685, 0.007135529000152019, 0.015343535000283737, 0.04186192499946628, 0.11128372099938133, 0.30464906499946665, 0.818963120999797, 2.2049872259995027, 7.621998186999917, 17.841599141999723]]
[[10, 14, 20, 29, 42, 61, 88, 127, 183, 263, 379, 545, 784, 1128, 1623, 2335, 3359, 4832, 6951, 10000], [0.000763768000069831, 0.0005887620000066818, 0.0003540420002536848, 0.0003932920008082874, 0.00057402499987802, 0.0006123939992903615, 0.0003487109997877269, 0.0009617949999665143, 0.0005926069998167804, 0.0014058039996598382, 0.0031845990006331704, 0.006994424999902549, 0.01377939600024547, 0.04284124000059819, 0.11523063500044373, 0.3047361130002173, 0.988746300999992, 2.26855761600018, 6.317565636999461, 24.85839354000018]]
[[10, 14, 20, 29, 42, 61, 88, 127, 183, 263, 379, 545, 784, 1128, 1623, 2335, 3359, 4832, 6951, 10000], [0.0009016929998324485, 0.0005563100003200816, 0.000417608999669028, 0.00020048800070071593, 0.00017745900004229043, 0.00025249300051655155, 0.00029264299973874586, 0.000528671000211034, 0.0007185670001490507, 0.003046244999495684, 0.0035127119999742717, 0.009913600000800216, 0.020874273000117682, 0.12034506300005887, 0.23284515900013503, 0.514306752000266, 1.8653109649994803, 4.400137072999314, 15.276484740999877, 23.520525981999526]]
[[10, 14, 20, 29, 42, 61, 88, 127, 183, 263, 379, 545, 784, 1128, 1623, 2335, 3359, 4832, 6951, 10000], [0.0009943780005414737, 0.0006744039992554463, 0.0004190969993942417, 0.00013116599984641653, 0.00010910800028796075, 0.0001865719996203552, 0.00025034500049514463, 0.0002990039993164828, 0.0005840230005560443, 0.001692219999313238, 0.001789042999917001, 0.00796692299991264, 0.01648069100065186, 0.04488911899989034, 0.11508422400038398, 0.31312254200020107, 0.8080909110003631, 2.314523361999818, 6.372387207000429, 19.41557955600001]]
[[10, 14, 20, 29, 42, 61, 88, 127, 183, 263, 379, 545, 784, 1128, 1623, 2335, 3359, 4832, 6951, 10000], [0.0012752669999827049, 0.00038825200044811936, 0.0003578830001060851, 0.0002365950003877515, 0.00012206900009914534, 0.00012861199957114877, 0.00016547499944863375, 0.0002790420003293548, 0.0014638849997936632, 0.005611069000224234, 0.001975136000510247, 0.010724179999670014, 0.018656565000128467, 0.04433212500043737, 0.11968919500031916, 0.35253063700019993, 0.8405362399998921, 2.5382618300000104, 7.777968223000244, 17.25256253599946]]
