1 0.05719116600084817 24
1 1.2207001418573782e-05 24
1 1.9564999092835933e-05 24
2 2.733599831117317e-05 96
3 7.03400291968137e-06 216
4 6.358000973705202e-06 384
6 5.521000275621191e-06 864
9 7.531998562626541e-06 1944
12 8.41599830891937e-06 3456
17 3.130200275336392e-05 6936
23 0.00013737299741478637 12696
32 0.00016746199980843812 24576
45 0.0001752559983287938 48600
62 0.002318051003385335 92256
85 0.00020951899932697415 173400
117 0.0002527839969843626 328536
161 0.00022260000332607888 622104
221 0.002959916997497203 1172184
303 0.004802601000847062 2203416
417 0.011972460000833962 4173336
573 0.010600396999507211 7879896
788 0.022659686001134105 14902656
1082 0.04932900099811377 28097376
1487 0.12410464699860313 53068056
2043 0.3344718539992755 100172376
2807 0.810149574001116 189101976
3856 2.193592899999203 356849664
5298 5.367424177002249 673651296
7278 14.554182621999644 1271262816
10000 40.11141894600223 2400000000
