1 0.05186245100048836 24
1 1.1739000910893083e-05 24
2 2.0677000065916218e-05 96
3 1.3629000022774562e-05 216
4 2.3071001123753376e-05 384
6 1.071699989552144e-05 864
10 3.948199992009904e-05 2400
14 2.6567999157123268e-05 4704
21 1.5870000424911268e-05 10584
31 4.158199953963049e-05 23064
46 0.0002625800007081125 50784
68 0.00020086099902982824 110976
100 0.0001798430002963869 240000
146 0.00029823900149494875 511584
215 0.0013513300000340678 1109400
316 0.0030797119998169364 2396544
464 0.008001645999684115 5167104
681 0.0120479979996162 11130264
1000 0.03764609800055041 24000000
1467 0.11473451999881945 51650136
2154 0.31381137700009276 111353184
3162 0.8985927419998916 239957856
4641 2.763213424999776 516933144
6812 8.9837282160006 1113680256
10000 27.489732281001125 2400000000
