1 0.04986760999963735 24
1 1.135400088969618e-05 24
2 1.917000008688774e-05 96
3 6.289999873843044e-06 216
4 5.638999937218614e-06 384
6 5.075999069958925e-06 864
10 7.48899947211612e-06 2400
14 6.966998626012355e-06 4704
21 8.454999260720797e-06 10584
31 0.00020081500042579137 23064
46 0.0004109410001547076 50784
68 0.00020701299945358187 110976
100 0.00015895499927864876 240000
146 0.00032776399893919006 511584
215 0.001841499999500229 1109400
316 0.0032058779997896636 2396544
464 0.010284997000781004 5167104
681 0.01480525300030422 11130264
1000 0.03535512199960067 24000000
1467 0.10956143999828782 51650136
2154 0.31368500300050073 111353184
3162 0.9546341770001163 239957856
4641 2.752915443999882 516933144
6812 8.457857646000775 1113680256
10000 27.294497626999146 2400000000
