1 0.047459471999900416 24
1 1.1432999599492177e-05 24
2 2.0587000108207576e-05 96
3 1.493299896537792e-05 216
4 6.860000212327577e-06 384
6 6.12599978921935e-06 864
10 7.341999662457965e-06 2400
14 8.980001439340413e-06 4704
21 1.693900048849173e-05 10584
31 2.2805001208325848e-05 23064
46 7.151799945859239e-05 50784
68 0.00021957900025881827 110976
100 0.00019249300021328963 240000
146 0.00037455299934663344 511584
215 0.0017612419997021789 1109400
316 0.003166714999679243 2396544
464 0.0081050620010501 5167104
681 0.011098015000243322 11130264
1000 0.03229352999915136 24000000
1467 0.10091087100045115 51650136
2154 0.29695481499948073 111353184
3162 0.8853130049992615 239957856
4641 3.172300284000812 516933144
6812 11.852216945000691 1113680256
10000 30.409659213999475 2400000000
