1 0.061912589000712615 24
1 1.1713000276358798e-05 24
1 4.993999027647078e-06 24
2 1.7575999663677067e-05 96
3 5.5150012485682964e-06 216
4 5.596000846708193e-06 384
6 1.8637001630850136e-05 864
9 1.4053999620955437e-05 1944
12 1.1743002687580884e-05 3456
17 1.4805998944211751e-05 6936
23 1.0493000445421785e-05 12696
32 8.867002179613337e-06 24576
45 0.0007669409969821572 48600
62 0.0006308009978965856 92256
85 0.0002410849992884323 173400
117 0.00025212199761881493 328536
161 0.00037388499913504347 622104
221 0.003258111002651276 1172184
303 0.005090865000966005 2203416
417 0.011306468000839232 4173336
573 0.008803787000942975 7879896
788 0.02321341599963489 14902656
1082 0.05685184100002516 28097376
1487 0.1839447909987939 53068056
2043 0.4510730110014265 100172376
2807 0.9373378269992827 189101976
3856 1.9184861270005058 356849664
5298 5.060872971000208 673651296
7278 14.867624477999925 1271262816
10000 42.45392258100037 2400000000
