1 0.048675550999178085 24
1 1.539699951536022e-05 24
2 2.0303999917814508e-05 96
3 8.958999387687072e-06 216
4 8.954000804806128e-06 384
6 1.0173000191571191e-05 864
10 1.0540999937802553e-05 2400
14 9.432998922420666e-06 4704
21 1.2993999916943721e-05 10584
31 0.00027170099929207936 23064
46 0.00019242500093241688 50784
68 0.00013092699919070583 110976
100 0.00013915099953010213 240000
146 0.0003270460001658648 511584
215 0.0015627350003342144 1109400
316 0.003242851000322844 2396544
464 0.008004314000572776 5167104
681 0.011079934000008507 11130264
1000 0.03038327000103891 24000000
1467 0.10339528800068365 51650136
2154 0.3122512279987859 111353184
3162 0.9137585179996677 239957856
4641 2.763613515000543 516933144
6812 8.793987617000312 1113680256
10000 27.652059023999755 2400000000
