1 0.06361009600004763 24
1 1.5523000911343843e-05 24
1 1.2316002539591864e-05 24
2 2.044399661826901e-05 96
3 7.637001544935629e-06 216
4 7.384998752968386e-06 384
6 6.4399973780382425e-06 864
9 9.056999260792509e-06 1944
12 8.827999408822507e-06 3456
17 3.5695000406121835e-05 6936
23 0.0015082719983183779 12696
32 0.0002155799993488472 24576
45 0.0003157800019835122 48600
62 0.00013154299813322723 92256
85 0.00015688800340285525 173400
117 0.0002716309973038733 328536
161 0.00044908999916515313 622104
221 0.003985597999417223 1172184
303 0.00638898900069762 2203416
417 0.011238707000302384 4173336
573 0.010620018001645803 7879896
788 0.02461721699728514 14902656
1082 0.05678855600126553 28097376
1487 0.16714970000248286 53068056
2043 0.3482693500009191 100172376
2807 0.9884989290003432 189101976
3856 2.4058157870022114 356849664
5298 5.731412052999076 673651296
7278 19.896953545998258 1271262816
10000 39.905177524000464 2400000000
