1 0.08775703699939186 24
1 2.3197997506940737e-05 24
1 1.0685002052923664e-05 24
2 0.00018156399892177433 96
3 3.636200199252926e-05 216
4 5.7717999879969284e-05 384
6 3.924299744539894e-05 864
9 2.3402000806527212e-05 1944
12 3.113899947493337e-05 3456
17 0.00026304299899493344 6936
23 0.0001851900015026331 12696
32 2.339899947401136e-05 24576
45 0.0004068790003657341 48600
62 0.0001638389985600952 92256
85 9.280100130126812e-05 173400
117 0.0001637800014577806 328536
161 0.000344959000358358 622104
221 0.005817379002110101 1172184
303 0.0027914220008824486 2203416
417 0.007326152997848112 4173336
573 0.034886264002125245 7879896
788 0.04339460600021994 14902656
1082 0.07696856099937577 28097376
1487 0.26901611299763317 53068056
2043 0.5050611240003491 100172376
2807 1.3330386810011987 189101976
3856 3.18857135700091 356849664
5298 4.944728270998894 673651296
7278 15.133161212997948 1271262816
10000 39.8785484359978 2400000000
