1 2.355499964323826e-05 24
1 7.137001375667751e-06 24
1 1.8957998690893874e-05 24
2 3.2795000151963905e-05 96
3 2.7212001441512257e-05 216
4 1.235799936694093e-05 384
6 8.838000212563202e-06 864
9 1.2520002201199532e-05 1944
12 1.065900141838938e-05 3456
17 1.2479002180043608e-05 6936
23 4.214599903207272e-05 12696
32 0.0011071990011259913 24576
45 0.00022003900085110217 48600
62 0.011637422001513187 92256
85 0.010743554998043692 173400
117 0.01053042600324261 328536
161 0.010686482997698477 622104
221 0.012232204997417284 1172184
303 0.0026566039996396285 2203416
417 0.01781671899880166 4173336
573 0.026654693003365537 7879896
788 0.12293136700100149 14902656
1082 0.2439560189995973 28097376
1487 0.7024856549978722 53068056
2043 1.673070295000798 100172376
2807 2.4411782860006497 189101976
3856 4.467031855001551 356849664
5298 6.360460392003006 673651296
7278 15.51458623200233 1271262816
10000 65.10056053699736 2400000000
