1 0.05923354300102801 24
1 1.1872998584294692e-05 24
1 6.735997885698453e-06 24
2 1.850800254032947e-05 96
3 6.066999048925936e-06 216
4 5.903999408474192e-06 384
6 5.404999683378264e-06 864
9 3.10889990942087e-05 1944
12 1.2645999959204346e-05 3456
17 3.42759994964581e-05 6936
23 0.0002622880019771401 12696
32 3.5345998185221106e-05 24576
45 0.00026688099751481786 48600
62 0.00027787200087914243 92256
85 0.00015271699885488488 173400
117 0.00020649799989769235 328536
161 0.00043332100176485255 622104
221 0.004222290001052897 1172184
303 0.007498323000618257 2203416
417 0.012275239001610316 4173336
573 0.008753763002459891 7879896
788 0.022456224000052316 14902656
1082 0.048641048997524194 28097376
1487 0.13025673199808807 53068056
2043 0.4047958600021957 100172376
2807 0.986074753000139 189101976
3856 2.9321029000020644 356849664
5298 5.83576527599871 673651296
7278 14.836070484001539 1271262816
10000 52.740430187997845 2400000000
