1 1.824100036174059e-05 24
1 6.01000283495523e-06 24
1 3.825000021606684e-06 24
2 1.6854002751642838e-05 96
3 6.131998816272244e-06 216
4 6.133999704616144e-06 384
6 5.365000106394291e-06 864
9 6.610000127693638e-06 1944
12 7.84399890108034e-06 3456
17 9.0810026449617e-06 6936
23 0.0003581570017558988 12696
32 4.418599928612821e-05 24576
45 0.00017117699826485477 48600
62 0.00015791499754413962 92256
85 0.00021488000129465945 173400
117 0.00016488500114064664 328536
161 0.0005670470018230844 622104
221 0.0034520730005169753 1172184
303 0.008003605998965213 2203416
417 0.035506664997228654 4173336
573 0.028660310003033374 7879896
788 0.05093151199980639 14902656
1082 0.09489134899922647 28097376
1487 0.4449031969998032 53068056
2043 0.5702265899999475 100172376
2807 1.0014865190023556 189101976
3856 2.6134148810015176 356849664
5298 5.774948998998298 673651296
7278 17.26068835800106 1271262816
10000 50.03232696499981 2400000000
