1 0.06222616499871947 24
1 1.2066000635968521e-05 24
1 4.869998520007357e-06 24
2 1.7518999811727554e-05 96
3 6.218000635271892e-06 216
4 6.099999154685065e-06 384
6 5.350997525965795e-06 864
9 6.728998414473608e-06 1944
12 6.695001502521336e-06 3456
17 7.13500048732385e-06 6936
23 0.00016241000048466958 12696
32 0.00024270100038847886 24576
45 0.00022058700051275082 48600
62 0.00015303699910873547 92256
85 0.000480285998492036 173400
117 0.0003655519976746291 328536
161 0.000431551001383923 622104
221 0.0009316799987573177 1172184
303 0.0019542040026863106 2203416
417 0.003634082000644412 4173336
573 0.00992975800181739 7879896
788 0.020523323000816163 14902656
1082 0.047133549000136554 28097376
1487 0.14298683699962567 53068056
2043 0.4122199509984057 100172376
2807 0.8660342279981705 189101976
3856 2.1639608789992053 356849664
5298 5.823054108001088 673651296
7278 15.440440301001217 1271262816
10000 43.506092184998124 2400000000
