1 0.07745099200110417 24
1 1.4599998394260183e-05 24
1 6.38699930277653e-06 24
2 2.7729998691938818e-05 96
3 1.384999995934777e-05 216
4 2.6318000891478732e-05 384
6 8.366001566173509e-06 864
9 7.948001439217478e-06 1944
12 0.003434768001170596 3456
17 2.639499871293083e-05 6936
23 0.00045092399886925705 12696
32 0.00019801800226559862 24576
45 0.0001436809980077669 48600
62 0.00018031999934464693 92256
85 0.00016224399951170199 173400
117 0.0008234999986598268 328536
161 0.0003175979982188437 622104
221 0.003447202001552796 1172184
303 0.0070886260000406764 2203416
417 0.01258032199984882 4173336
573 0.013324732000910444 7879896
788 0.03264830000262009 14902656
1082 0.0788429409985838 28097376
1487 0.2258940289975726 53068056
2043 0.4295054340000206 100172376
2807 1.1635484059988812 189101976
3856 3.7914761870015354 356849664
5298 6.96591307899871 673651296
7278 24.17186924899943 1271262816
10000 52.099056463001034 2400000000
