1 0.08563360100015416 24
1 3.136099985567853e-05 24
1 1.3884000509278849e-05 24
2 3.212999945390038e-05 96
3 2.0677998691098765e-05 216
4 6.767997547285631e-06 384
6 5.383000825531781e-06 864
9 6.69799919705838e-06 1944
12 6.137997843325138e-06 3456
17 1.164399873232469e-05 6936
23 1.2639000487979501e-05 12696
32 0.0001397179985360708 24576
45 0.00016262999997707084 48600
62 0.000152746000821935 92256
85 0.000179212998773437 173400
117 0.0001448500006517861 328536
161 0.0003037979986402206 622104
221 0.010066128001199104 1172184
303 0.013077909003186505 2203416
417 0.01315504800004419 4173336
573 0.014472999999270542 7879896
788 0.03398046600341331 14902656
1082 0.15920793099940056 28097376
1487 0.2548165850021178 53068056
2043 0.7543267260007269 100172376
2807 1.4771967150009004 189101976
3856 4.398997406999115 356849664
5298 7.994734750001953 673651296
7278 19.649882767000236 1271262816
10000 37.87913716099865 2400000000
