1 0.05881365900131641 24
1 1.2552998668979853e-05 24
1 4.744000762002543e-06 24
2 1.8261998775415123e-05 96
3 1.871300264610909e-05 216
4 1.4289998944150284e-05 384
6 1.0842999472515658e-05 864
9 8.336999599123374e-06 1944
12 3.858399941236712e-05 3456
17 1.607200101716444e-05 6936
23 0.0004939790014759637 12696
32 0.0018627489989739843 24576
45 0.0001975799968931824 48600
62 0.00701979199948255 92256
85 0.0018393620011920575 173400
117 0.0006105940010456834 328536
161 0.00036700000055134296 622104
221 0.0032928010004980024 1172184
303 0.006175115999212721 2203416
417 0.010514310000871774 4173336
573 0.008176625000487547 7879896
788 0.0228611610000371 14902656
1082 0.04826526800025022 28097376
1487 0.1310350589992595 53068056
2043 0.5397089310026786 100172376
2807 1.815958524999587 189101976
3856 3.0868033030019433 356849664
5298 7.582138407997263 673651296
7278 17.1907001590007 1271262816
10000 54.41224837699701 2400000000
