[[10, 13, 19, 26, 37, 51, 71, 98, 137, 190, 263, 365, 507, 703, 976, 1353, 1877, 2604, 3613, 5011], [0.00221913899986248, 0.00013596200005849823, 0.00012645300012081861, 0.0001670339997872361, 0.00038091500027803704, 0.0026427610000610002, 0.001469325000016397, 0.0022565910003322642, 0.00356580599964218, 0.008049362999827281, 0.015017805000297813, 0.02149618700013889, 0.035585867000008875, 0.1111234930003775, 0.28172045600013007, 0.625203688000056, 1.9639682480001284, 3.7832582730002287, 8.763694088999728, 22.7642002460002]]
[[10, 13, 19, 26, 37, 51, 71, 98, 137, 190, 263, 365, 507, 703, 976, 1353, 1877, 2604, 3613, 5011], [0.022639448000063567, 0.0001926400000229478, 0.00011770799983423785, 0.0001302840000789729, 0.00024385300002904842, 0.00040720900005908334, 0.0013961209997432888, 0.0012237880000611767, 0.002127444000052492, 0.015290180000192777, 0.006959149000067555, 0.011538524000116013, 0.02765209800008961, 0.06685397799992643, 0.18033444699995016, 0.4904434290001518, 1.3284965679999914, 3.497593310999946, 8.436826712999846, 21.90148669700011]]
[[10, 13, 19, 26, 37, 51, 71, 98, 137, 190, 263, 365, 507, 703, 976, 1353, 1877, 2604, 3613, 5011], [0.024463706000005914, 0.00017668100008449983, 0.00013745899968853337, 0.0001431269997738127, 0.00018595800020193565, 0.000454208000064682, 0.0008687199997439166, 0.0011881679997713945, 0.0019738490000236197, 0.016430473000127677, 0.00865926300002684, 0.0127066999998533, 0.024406091999935597, 0.0710695279999527, 0.1770526099999188, 0.5087109289997898, 1.385268275999806, 3.2825255130001096, 8.746724241000265, 21.328303916000095]]
[[10, 13, 19, 26, 37, 51, 71, 98, 137, 190, 263, 365, 507, 703, 976, 1353, 1877, 2604, 3613, 5011], [0.01927456000021266, 0.00015126500011319877, 0.00010752400021374342, 0.00014019700029166415, 0.0003029159997822717, 0.0003513619999466755, 0.0013137470000401663, 0.0011349889996381535, 0.001999867999984417, 0.01114028199981476, 0.0072855150001487345, 0.011427078999986406, 0.025550960000146006, 0.06361789199991108, 0.1849111839997022, 0.48086949999969875, 1.3545344029998887, 3.2911642400003984, 8.92836399800035, 21.73425319299986]]
[[10, 13, 19, 26, 37, 51, 71, 98, 137, 190, 263, 365, 507, 703, 976, 1353, 1877, 2604, 3613, 5011], [0.01819559700015816, 0.00018918100022347062, 0.00012692400014202576, 0.00013053200018475763, 0.00017501100001027226, 0.00030437999976129504, 0.0007881460001044616, 0.0011135540003124333, 0.0021851510000487906, 0.01098381400015569, 0.0074444679999032815, 0.011646034000023064, 0.024713251999855856, 0.07533390099979442, 0.18713157799993496, 0.4929582390000178, 1.3360832999997, 3.3647890799998095, 8.67364262000001, 21.64977124500001]]
[[10, 13, 19, 26, 37, 51, 71, 98, 137, 190, 263, 365, 507, 703, 976, 1353, 1877, 2604, 3613, 5011], [0.019662654000057955, 0.00015976599979694583, 0.00010950599971693009, 0.00013914800001657568, 0.00019016999976884108, 0.00031704900038675987, 0.0010111389997291553, 0.0011368420000508195, 0.0019471680002425273, 0.011104655000053754, 0.007323152000026312, 0.013205427999764652, 0.026918273999854136, 0.06538322699998389, 0.1751406999997016, 0.4958258209999258, 1.3396872680000342, 3.339459885999986, 8.757874232000177, 22.720333270999618]]
[[10, 13, 19, 26, 37, 51, 71, 98, 137, 190, 263, 365, 507, 703, 976, 1353, 1877, 2604, 3613, 5011], [0.017874923999897874, 0.00017146900017905864, 0.00014095000005909242, 0.00014259699992180686, 0.00018643099974724464, 0.00031746700005896855, 0.0013287970000419591, 0.0011352419996910612, 0.0016557829999328533, 0.011007526999947004, 0.00783619699996052, 0.011478159000034793, 0.028219129999797588, 0.06405513000026986, 0.17249223800035907, 0.49702712299995255, 1.3220010169998204, 3.386058403000334, 8.401312076000067, 21.89632488799998]]
[[10, 13, 19, 26, 37, 51, 71, 98, 137, 190, 263, 365, 507, 703, 976, 1353, 1877, 2604, 3613, 5011], [0.018979329000103462, 0.00022342000011121854, 0.00017861199967228458, 0.00014728799988006358, 0.00018912299992734916, 0.00031940899998517125, 0.0010910840001088218, 0.0011445959999036859, 0.002048761999958515, 0.01083541600019089, 0.007313250999686716, 0.011406428000100277, 0.029371436000019457, 0.06620497199992315, 0.17096559500032527, 0.5067583490003926, 1.3826590190001298, 3.3631862940001156, 8.62145899899997, 23.195616358999814]]
[[10, 13, 19, 26, 37, 51, 71, 98, 137, 190, 263, 365, 507, 703, 976, 1353, 1877, 2604, 3613, 5011], [0.01826161700000739, 0.00021304299980329233, 0.00011967299997195369, 0.0001691100001153245, 0.00019837199988614884, 0.0005173360000298999, 0.0008052980001593824, 0.0013043130002188263, 0.002131164999809698, 0.013506314000096609, 0.007381592000001547, 0.011795894999977463, 0.02487806199997067, 0.06550951000008354, 0.19174657799976558, 0.488199822000297, 1.343868109000141, 3.3549728579996554, 8.418261722000352, 22.485456434999833]]
[[10, 13, 19, 26, 37, 51, 71, 98, 137, 190, 263, 365, 507, 703, 976, 1353, 1877, 2604, 3613, 5011], [0.019311337000090134, 0.000155570000060834, 0.00010928100027740584, 0.00015810399963811506, 0.0001884339999378426, 0.0003187669999533682, 0.0010035919999609177, 0.0012040259998684633, 0.002425850000236096, 0.013032139000188181, 0.007400257999961468, 0.011491923999983555, 0.02453643800026839, 0.06486254700030258, 0.19305271000030189, 0.49681809999992765, 1.3722763360001409, 3.5042383439999867, 8.560124120000182, 21.75463713599993]]
[[10, 13, 19, 26, 37, 51, 71, 98, 137, 190, 263, 365, 507, 703, 976, 1353, 1877, 2604, 3613, 5011], [0.021143322000170883, 0.00020269599963285145, 0.00014718800002810895, 0.00016798200022094534, 0.006297723999978189, 0.002164698999877146, 0.0032235450003099686, 0.003920070999811287, 0.00684111300006407, 0.0044737079997503315, 0.010289682999882643, 0.02288305499996568, 0.04448850400012816, 0.12283823899997515, 0.31256227500034583, 0.8987922359997356, 2.655223393000142, 6.871242007999626, 18.680736876000083, 48.18672675800008]]
[[10, 13, 19, 26, 37, 51, 71, 98, 137, 190, 263, 365, 507, 703, 976, 1353, 1877, 2604, 3613, 5011], [0.01544430400008423, 0.00012992300025871373, 0.00011466899968581856, 0.00038242499977059197, 0.00032698399991204496, 0.000691969999934372, 0.0011916710000150488, 0.0016794839998510724, 0.0032116009997480433, 0.006352126000365388, 0.009281618999921193, 0.01797489799992036, 0.044589655999971, 0.1122978339999463, 0.3294485410001471, 0.879245704999903, 2.5957717940000293, 6.802307488000224, 18.6863612319994, 49.10421783400034]]
[[10, 13, 19, 26, 37, 51, 71, 98, 137, 190, 263, 365, 507, 703, 976, 1353, 1877, 2604, 3613, 5011], [0.017052371999852767, 0.00013348199991014553, 8.895999962987844e-05, 0.00011682199965434847, 0.00022816499949840363, 0.0008140160007314989, 0.0013197500002206652, 0.0014171239999996033, 0.0021621540008709417, 0.004320686999562895, 0.00844504999986384, 0.024943766000433243, 0.045263375000104134, 0.11931284599995706, 0.3178784950005138, 0.8958344709999437, 2.5551897010000175, 6.847426752000501, 18.663256656999692, 51.24805370099966]]
[[10, 13, 19, 26, 37, 51, 71, 98, 137, 190, 263, 365, 507, 703, 976, 1353, 1877, 2604, 3613, 5011], [0.016406990000177757, 0.00012905699986731634, 0.00010252500032947864, 0.000153214000420121, 0.00027344699992681853, 0.00036363800063554663, 0.0011278270003458601, 0.0015847350005060434, 0.0032318510002369294, 0.006324513000436127, 0.008744198999920627, 0.018139256000722526, 0.044364630000018224, 0.11277932000029978, 0.32293314099933923, 0.8929849139994985, 2.5415029009991486, 7.176256101000035, 18.407086230999994, 48.25741119699978]]
[[10, 13, 19, 26, 37, 51, 71, 98, 137, 190, 263, 365, 507, 703, 976, 1353, 1877, 2604, 3613, 5011], [0.016570038000281784, 0.00017685199964034837, 0.00013224699978309218, 0.0001229899999088957, 0.000216759000068123, 0.0003908400003638235, 0.001407912000104261, 0.0015369610000561806, 0.002692364999347774, 0.00428227600059472, 0.008642654000141192, 0.02598000200032402, 0.04325803600022482, 0.1111152769999535, 0.33237601299970265, 0.8887657140003284, 2.5972919490004642, 6.800333002000116, 18.998281006999605, 47.78517981799996]]
[[10, 13, 19, 26, 37, 51, 71, 98, 137, 190, 263, 365, 507, 703, 976, 1353, 1877, 2604, 3613, 5011], [0.015362313999503385, 0.0001396629995724652, 0.0001156170001195278, 0.00011630100016191136, 0.00028705299973807996, 0.0008449169999948936, 0.0011662119995889952, 0.0015003060007074964, 0.0021391129994299263, 0.00458600199999637, 0.00846939500024746, 0.023036347000015667, 0.044111934999818914, 0.11208767499920214, 0.32846411999980774, 0.8938645380003436, 2.5734499079999296, 6.92440072699992, 18.241499701000066, 48.72794078900006]]
[[10, 13, 19, 26, 37, 51, 71, 98, 137, 190, 263, 365, 507, 703, 976, 1353, 1877, 2604, 3613, 5011], [0.018908479999481642, 0.00018485700002202066, 9.076700007426552e-05, 0.00012861400045949267, 0.0002110619998347829, 0.0003541089999998803, 0.0008810449999145931, 0.0014180719999785651, 0.002166130000659905, 0.004268481999133655, 0.008681962999617099, 0.018010434000643727, 0.051958748000288324, 0.11362375200042152, 0.3311938939996253, 0.890394574000311, 2.5882437159998517, 6.755962315000033, 19.225847802000317, 48.17655248999927]]
[[10, 13, 19, 26, 37, 51, 71, 98, 137, 190, 263, 365, 507, 703, 976, 1353, 1877, 2604, 3613, 5011], [0.014220144999853801, 0.000130527000692382, 8.42079998619738e-05, 0.00011251400064793415, 0.0002196000004914822, 0.00036758100031875074, 0.0009236410005541984, 0.0014517909994538059, 0.0024240650000137975, 0.004280058000404097, 0.008756711999922118, 0.017911737000758876, 0.04558798099969863, 0.12428908699985186, 0.3133049940006458, 0.8943402250006329, 2.5269721180002307, 6.801272497999889, 20.145403163000083, 71.17626113700044]]
[[10, 13, 19, 26, 37, 51, 71, 98, 137, 190, 263, 365, 507, 703, 976, 1353, 1877, 2604, 3613, 5011], [0.018786755000292032, 0.0002998099998876569, 0.0009171399997285334, 0.00022472500040748855, 0.0008753629999773693, 0.0008187339999494725, 0.002009320000070147, 0.0014473689998339978, 0.0031739659998493153, 0.004506217000198376, 0.011252009000600083, 0.023520360000475193, 0.10119429400037916, 0.1580935669999235, 0.46674747799988836, 1.2017111089999162, 2.9553736879997814, 8.689239693000673, 27.502707015999476, 57.72043637200022]]
[[10, 13, 19, 26, 37, 51, 71, 98, 137, 190, 263, 365, 507, 703, 976, 1353, 1877, 2604, 3613, 5011], [0.016865327000232355, 0.0001301120000789524, 8.272600007330766e-05, 0.00010374300018156646, 0.00020737599970743759, 0.00035509200006345054, 0.0008552399995096494, 0.0022907160000613658, 0.0022968439998294343, 0.004345968999587058, 0.008800855000117735, 0.019793638999544783, 0.05062461500074278, 0.13728574700053287, 0.3556012799999735, 1.1134978999998566, 3.3752213459993072, 8.677525225999489, 22.777331561999745, 57.59412058399994]]
[[10, 13, 19, 26, 37, 51, 71, 98, 137, 190, 263, 365, 507, 703, 976, 1353, 1877, 2604, 3613, 5011], [0.019900341999345983, 0.0001304299994444591, 8.423600047535729e-05, 0.00010443799965287326, 0.00020639400008803932, 0.0005053599998063873, 0.001100442999813822, 0.0016998959999909857, 0.0022670979997201357, 0.004268259999662405, 0.008492005000334757, 0.020994624000195472, 0.048376312000073085, 0.11418616199989629, 0.3206753829999798, 0.8755775950003226, 2.5233633970001392, 6.858239039999717, 18.22796960100004, 48.24904376199993]]
[[10, 13, 19, 26, 37, 51, 71, 98, 137, 190, 263, 365, 507, 703, 976, 1353, 1877, 2604, 3613, 5011], [0.019124947000818793, 0.00014358699991134927, 8.481100030621747e-05, 0.0001046050001605181, 0.0002114549997713766, 0.0003599480005505029, 0.0014071109999349574, 0.0014164579997668625, 0.0021652490004271385, 0.004449452999324421, 0.008694150000337686, 0.017844670000158658, 0.05195751100018242, 0.11218184499921335, 0.3133937419997892, 0.8779557749994638, 2.688659176999863, 7.050189769000099, 22.408790524000324, 60.397264873000495]]
[[10, 13, 19, 26, 37, 51, 71, 98, 137, 190, 263, 365, 507, 703, 976, 1353, 1877, 2604, 3613, 5011], [0.022161636000419094, 0.0001285070002268185, 8.233800053858431e-05, 0.00010326200026611332, 0.00020860299991909415, 0.00035604400000011083, 0.0007771729997330112, 0.0014770990001125028, 0.003153134000058344, 0.004295468999771401, 0.008784919999925478, 0.018242735999592696, 0.042378316999929666, 0.1142563789999258, 0.3173803179997776, 0.9404985379997015, 2.541857049999635, 6.793742269000177, 18.254034878999846, 49.040593191999506]]
[[10, 13, 19, 26, 37, 51, 71, 98, 137, 190, 263, 365, 507, 703, 976, 1353, 1877, 2604, 3613, 5011], [0.019270400000095833, 0.00031204099923343165, 0.00014698700033477508, 0.00085371600016515, 0.0005925319992456934, 0.0003718110001500463, 0.0010747680007625604, 0.0013056349998805672, 0.0021770020002804813, 0.004485326000576606, 0.008472083000015118, 0.01790255200012325, 0.05182180399970093, 0.1118881299998975, 0.37401683400003094, 0.8644650950000141, 2.5190762910006015, 7.065379505999772, 19.17874327499976, 48.07894997499989]]
[[10, 13, 19, 26, 37, 51, 71, 98, 137, 190, 263, 365, 507, 703, 976, 1353, 1877, 2604, 3613, 5011], [0.01676684700032638, 0.00013741700058744755, 0.00010446700071042869, 0.00011250799980189186, 0.00020668399974965723, 0.00035166999987268355, 0.0016183790003196918, 0.0014824480003881035, 0.0021616280000671395, 0.004292900999644189, 0.009614788999897428, 0.019909323999854678, 0.0445989069994539, 0.1498604170001272, 0.37259579399960785, 0.8805850920007288, 2.5889516090001052, 6.905485568999211, 18.314265480999893, 48.47990066500006]]
[[10, 13, 19, 26, 37, 51, 71, 98, 137, 190, 263, 365, 507, 703, 976, 1353, 1877, 2604, 3613, 5011], [0.016963625999778742, 0.00013096500060783, 0.00010423200001241639, 0.00012256700028956402, 0.0002180780002163374, 0.0003627070000220556, 0.0010179199998674449, 0.0014290509998318157, 0.002293098000336613, 0.004239565000716539, 0.00879226400047628, 0.01831966499958071, 0.05248558600032993, 0.11614384299991798, 0.3169382480000422, 0.8695291399999405, 2.5511123840005894, 6.833356050000475, 18.592935580999438, 49.491455479999786]]
[[10, 13, 19, 26, 37, 51, 71, 98, 137, 190, 263, 365, 507, 703, 976, 1353, 1877, 2604, 3613, 5011], [0.01861120800003846, 0.00019638699995994102, 9.893500009638956e-05, 0.00011906600047950633, 0.0002948439996544039, 0.0007316430001083063, 0.0007822190000297269, 0.001422096999704081, 0.002279504000398447, 0.00424553199991351, 0.008826190999570827, 0.01857478900001297, 0.04629724000005808, 0.11260359999960201, 0.3145454489995245, 0.9213262530001884, 2.56775401699997, 6.981382830999792, 18.250903119000213, 51.08291315800034]]
[[10, 13, 19, 26, 37, 51, 71, 98, 137, 190, 263, 365, 507, 703, 976, 1353, 1877, 2604, 3613, 5011], [0.01887060700028087, 0.0001334369999312912, 8.80190000316361e-05, 0.00011712300056387903, 0.00024528399990231264, 0.0006928720003998023, 0.0008078800001385389, 0.0015090770002643694, 0.0024338549992535263, 0.004257704999872658, 0.008623482000075455, 0.020224546999997983, 0.04223132399965834, 0.11060255699976551, 0.3069530399998257, 0.8886234370002057, 2.4541070260002016, 6.833711752999989, 18.13199752699984, 53.84805126899937]]
[[10, 13, 19, 26, 37, 51, 71, 98, 137, 190, 263, 365, 507, 703, 976, 1353, 1877, 2604, 3613, 5011], [0.022704058000272198, 0.00017590199968253728, 0.00016714699995645788, 0.00016537099963898072, 0.00031038999986776616, 0.00047600499965483323, 0.0014156859997456195, 0.0018594089997350238, 0.0028061270004400285, 0.004890203000286419, 0.010709586999837484, 0.025265192999540886, 0.05909072200029186, 0.12432816599994112, 0.3345137000005707, 1.0372397490000367, 2.824667436000709, 7.180970476999391, 18.410822654000185, 47.81743587600067]]
[[10, 13, 19, 26, 37, 51, 71, 98, 137, 190, 263, 365, 507, 703, 976, 1353, 1877, 2604, 3613, 5011], [0.016977725999822724, 0.00013088900050206576, 8.891900051821722e-05, 0.0001157019996753661, 0.0002209249996667495, 0.00047767099931661505, 0.0010228360006294679, 0.001397469000039564, 0.002133406999746512, 0.00429266999981337, 0.008443228000032832, 0.018035412000244833, 0.04309425799965538, 0.10947095899973647, 0.3149785370005702, 0.8641311940000378, 2.5097709799993027, 6.952359518999401, 18.032449734999318, 49.518874375999985]]
[[10, 13, 19, 26, 37, 51, 71, 98, 137, 190, 263, 365, 507, 703, 976, 1353, 1877, 2604, 3613, 5011], [0.028123523999965983, 0.00017598800059204223, 0.0001249840006494196, 0.004551610999442346, 0.00036432900014915504, 0.003392704000361846, 0.0015238000005410868, 0.0020632440000554197, 0.005038237000007939, 0.008188271999642893, 0.010824812999999267, 0.02072860699990997, 0.05013599499943666, 0.06483512700015126, 0.301679984000657, 0.6249471109995284, 1.6367289469999378, 4.576716156000657, 11.065062571999988, 29.49602262100052]]
[[10, 13, 19, 26, 37, 51, 71, 98, 137, 190, 263, 365, 507, 703, 976, 1353, 1877, 2604, 3613, 5011], [0.022076289999859, 0.0001593690003574011, 0.00010269700032949913, 0.00015262699980667094, 0.00019011600033991272, 0.00029777100007777335, 0.0008149060004143394, 0.0011869029995068558, 0.0015948830005072523, 0.0028356990005704574, 0.015058033999594045, 0.010123994000423409, 0.030407314000512997, 0.05414982799993595, 0.15013460000045598, 0.48249691000000894, 1.329753897000046, 3.247253499999715, 8.843875898999613, 27.74281849900035]]
[[10, 13, 19, 26, 37, 51, 71, 98, 137, 190, 263, 365, 507, 703, 976, 1353, 1877, 2604, 3613, 5011], [0.016978865999590198, 0.00015288600025087362, 9.229799979948439e-05, 0.00014086700048210332, 0.00018070900023303693, 0.0002851920007742592, 0.0006382840001606382, 0.000875402000019676, 0.0017488820003563887, 0.0078106989994921605, 0.015705608999269316, 0.014192483000442735, 0.037084122999658575, 0.05558086299970455, 0.15483004599991546, 0.48619711400078813, 1.322253035000358, 3.291241990999879, 10.222528850000344, 28.768239132999952]]
[[10, 13, 19, 26, 37, 51, 71, 98, 137, 190, 263, 365, 507, 703, 976, 1353, 1877, 2604, 3613, 5011], [0.01902813599917863, 0.00014366399955179077, 0.00012528400020528352, 0.0005541680002352223, 0.00020293200032028835, 0.0006922129996382864, 0.0005201009998927475, 0.0016095900000436814, 0.0027301770005578874, 0.01254942299965478, 0.017626926999582793, 0.011640426999292686, 0.034688765999817406, 0.07808649700018577, 0.15097887400042964, 0.5015534809999735, 1.4674871619999976, 3.3916561010000805, 9.917976834999536, 28.13069220000034]]
[[10, 13, 19, 26, 37, 51, 71, 98, 137, 190, 263, 365, 507, 703, 976, 1353, 1877, 2604, 3613, 5011], [0.014401516999896558, 0.00017800899968278827, 0.00010160099918721244, 0.00020344200038380222, 0.00027116999990539625, 0.0010398609992989805, 0.0009911189999911585, 0.0017173469996123458, 0.002277106999827083, 0.009516193000308704, 0.014471002999925986, 0.015039023000099405, 0.04514509899945551, 0.08061325899961957, 0.15329995899992355, 0.5822679579996475, 1.6436704759998975, 3.9555420320002668, 11.42681399600042, 27.677346014999785]]
[[10, 13, 19, 26, 37, 51, 71, 98, 137, 190, 263, 365, 507, 703, 976, 1353, 1877, 2604, 3613, 5011], [0.02336149500024476, 0.0003394679997654748, 0.0003588780000427505, 0.0006358009995892644, 0.0007682430004933849, 0.0006272500004342874, 0.0017802530001063133, 0.0020660800000769086, 0.004126234000068507, 0.009562680999806616, 0.01874742700056231, 0.02473481000015454, 0.05440485700000863, 0.06670293799925275, 0.204707910000252, 0.830202439000459, 1.9403294040002947, 3.997665061000589, 11.378938235000533, 24.293514934000086]]
[[10, 13, 19, 26, 37, 51, 71, 98, 137, 190, 263, 365, 507, 703, 976, 1353, 1877, 2604, 3613, 5011], [0.013599006999356789, 0.00014586999986931914, 9.161399975710083e-05, 0.00013787100033368915, 0.00020298599974921672, 0.0002818769999066717, 0.001248949999535398, 0.0012318439994487562, 0.0018594709999888437, 0.0062123070001689484, 0.012136284999542113, 0.010286722000273585, 0.03157797499989101, 0.05774327400013135, 0.1469788670001435, 0.4945729749997554, 1.3110960109997905, 3.363288258000466, 8.9125412530002, 29.748470011999416]]
[[10, 13, 19, 26, 37, 51, 71, 98, 137, 190, 263, 365, 507, 703, 976, 1353, 1877, 2604, 3613, 5011], [0.0188079760000619, 0.00014206899959390284, 0.00014178299988998333, 0.000178885000423179, 0.00020529799985524733, 0.00044162199992570095, 0.0010467900001458474, 0.0011560590000954107, 0.001644101999772829, 0.006499049999547424, 0.01366569400033768, 0.010764411000309337, 0.03241054099999019, 0.05353996800022287, 0.14807231500071794, 0.5200179889998253, 1.3424496500001624, 3.318243975000769, 9.690805919000013, 28.369947017999948]]
[[10, 13, 19, 26, 37, 51, 71, 98, 137, 190, 263, 365, 507, 703, 976, 1353, 1877, 2604, 3613, 5011], [0.017104816000028222, 0.0001399790007781121, 9.455300005356548e-05, 0.00014671699955215445, 0.00018740299947239691, 0.0005171319999135449, 0.0007395049997285241, 0.0013625900000988622, 0.0020010399994134787, 0.005352940999728162, 0.013267412999994121, 0.013203071000134514, 0.03354985900023166, 0.05334463299914205, 0.16274381400035054, 0.4958206240007712, 1.3594030300000668, 3.319858930999544, 9.95489268900019, 27.922327236000456]]
[[10, 13, 19, 26, 37, 51, 71, 98, 137, 190, 263, 365, 507, 703, 976, 1353, 1877, 2604, 3613, 5011], [0.015145295999900554, 0.00019368300036148867, 0.00014018700039741816, 0.00023206300011224812, 0.00020140499964327319, 0.0003603879995353054, 0.0012008150006295182, 0.0016777580003690673, 0.0020530259998849942, 0.005550608000703505, 0.013212261000262515, 0.009757045000696962, 0.027512737000506604, 0.058283391000259144, 0.1463312030000452, 0.5180696460001855, 1.3335178249999444, 3.323854403999576, 12.898720899999716, 24.234481887000584]]
[[10, 13, 19, 26, 37, 51, 71, 98, 137, 190, 263, 365, 507, 703, 976, 1353, 1877, 2604, 3613, 5011], [0.015071241999976337, 0.0001514370005679666, 0.0001270889997613267, 0.00015121299929887755, 0.00019014899953617714, 0.0002913669995905366, 0.000656397999591718, 0.001465710000047693, 0.002133997999408166, 0.005687679999937245, 0.012541865999992297, 0.009849990000475373, 0.03372345000025234, 0.05625649900048302, 0.17960372800007463, 0.4950719009993918, 1.3019327390002218, 3.3612594739997803, 9.346212256000399, 25.56455496200033]]
[[10, 13, 19, 26, 37, 51, 71, 98, 137, 190, 263, 365, 507, 703, 976, 1353, 1877, 2604, 3613, 5011], [0.014634346999628178, 0.0001416949999111239, 9.718700039229589e-05, 0.00015064499984873692, 0.00019001799955731258, 0.0002911589999712305, 0.0008290850000776118, 0.001152471999375848, 0.002224834999651648, 0.005355866000172682, 0.015262558000358695, 0.010185066999838455, 0.03391193300012674, 0.053158996000092884, 0.14478448900081275, 0.6874850459998925, 1.802716195999892, 4.481431061999501, 10.603956281999672, 25.300614355000107]]
[[10, 13, 19, 26, 37, 51, 71, 98, 137, 190, 263, 365, 507, 703, 976, 1353, 1877, 2604, 3613, 5011], [0.014023815000655304, 0.00014412500058824662, 0.00011287600045761792, 0.00014985100006015273, 0.00020279199998185504, 0.0002818689999912749, 0.001273611000215169, 0.0012399589995766291, 0.0020037189997310634, 0.005938775999311474, 0.01598527500027558, 0.011554999999134452, 0.029310811999494035, 0.06329863999962981, 0.18040962200029753, 0.4884924099997079, 1.8147911010000826, 3.502615264999804, 10.281914094000058, 25.534946865000165]]
[[10, 13, 19, 26, 37, 51, 71, 98, 137, 190, 263, 365, 507, 703, 976, 1353, 1877, 2604, 3613, 5011], [0.013686794000022928, 0.00013444500018522376, 9.046099967235932e-05, 0.00013902199953008676, 0.00017960900004254654, 0.0005115050007589161, 0.0013826179992975085, 0.001449542000045767, 0.0017360040001221932, 0.0062663930002599955, 0.01231410499985941, 0.010245667000162939, 0.033374807999280165, 0.0588162869998996, 0.1555197670004418, 0.49361889800002245, 1.343902497000272, 3.297757441999238, 8.957894640000632, 28.597588378000182]]
[[10, 13, 19, 26, 37, 51, 71, 98, 137, 190, 263, 365, 507, 703, 976, 1353, 1877, 2604, 3613, 5011], [0.0133569580002586, 0.0001421249999111751, 0.00011827399976027664, 0.00025158900007227203, 0.00021536799977184273, 0.0003385400004844996, 0.001061255000422534, 0.0015343839995693997, 0.002493185999810521, 0.006790458000068611, 0.017284311999901547, 0.01177820300017629, 0.028544685000269965, 0.05624420599997393, 0.1462209539995456, 0.5060495939997054, 1.32945843699963, 3.7512391829995977, 9.380801149000035, 25.623683953999716]]
[[10, 13, 19, 26, 37, 51, 71, 98, 137, 190, 263, 365, 507, 703, 976, 1353, 1877, 2604, 3613, 5011], [0.014882793999277055, 0.0001586700000189012, 9.079800020117546e-05, 0.00015616100063198246, 0.0001899010003398871, 0.000661457999740378, 0.001517186999990372, 0.0012071360006302712, 0.0020019610001327237, 0.005418017999545555, 0.012601901999914844, 0.010374040999522549, 0.028632804999688233, 0.062270755999634275, 0.15977959199972247, 0.49385465100021975, 1.315622514000097, 3.3538109860000986, 11.012107474999539, 28.779571336000117]]
[[10, 13, 19, 26, 37, 51, 71, 98, 137, 190, 263, 365, 507, 703, 976, 1353, 1877, 2604, 3613, 5011], [0.015488646999983757, 0.00013715800014324486, 9.236400001100264e-05, 0.00013735199991060654, 0.00017940999987331452, 0.0004285949999029981, 0.0009597050002412288, 0.001324138000200037, 0.002119040999787103, 0.005397282000558334, 0.012844230000155221, 0.01009748300020874, 0.0345334029998412, 0.057106743000076676, 0.14392045699969458, 0.4869922529996984, 1.3257838520003133, 3.2789151960005256, 9.25905009500002, 24.213005092999992]]
[[10, 13, 19, 26, 37, 51, 71, 98, 137, 190, 263, 365, 507, 703, 976, 1353, 1877, 2604, 3613, 5011], [0.015917556999738736, 0.00014206300056684995, 0.00010574400039331522, 0.0001516780002930318, 0.00019202699968445813, 0.0002934499998445972, 0.0009659009992901701, 0.001280380000025616, 0.001904912000100012, 0.005496502999449149, 0.017880696000247553, 0.01067763399987598, 0.0280473949997031, 0.054629329999443144, 0.14276227400023345, 0.4884479130005275, 1.6036099870007092, 3.499658881000869, 9.582370371000252, 31.608447092999995]]
[[10, 13, 19, 26, 37, 51, 71, 98, 137, 190, 263, 365, 507, 703, 976, 1353, 1877, 2604, 3613, 5011], [0.021319819999916945, 0.0001436100001228624, 9.649000003264518e-05, 0.00014956599989091046, 0.00019290000000182772, 0.0002906870004153461, 0.0007186259999798494, 0.0008574040002713446, 0.0016374959996028338, 0.005377976999625389, 0.013906618999499187, 0.011513563000335125, 0.03240799900049751, 0.05640503599988733, 0.14974354900004982, 0.4985259209997821, 1.6300132300002588, 4.570709556999645, 10.500955718000114, 30.11350988599952]]
[[10, 13, 19, 26, 37, 51, 71, 98, 137, 190, 263, 365, 507, 703, 976, 1353, 1877, 2604, 3613, 5011], [0.01977097100007086, 0.00024026299979595933, 0.00011954099954891717, 0.00016529499953321647, 0.00020044800021423725, 0.0002937640001619002, 0.0011539610004547285, 0.0009943559998646379, 0.002205067999966559, 0.004006819000096584, 0.015505172999837669, 0.010725054000431555, 0.02864758299983805, 0.055567405999681796, 0.19342573899939453, 0.5787195359998805, 1.5597775670003102, 3.939723373000561, 11.907258958000057, 27.820677793999494]]
[[10, 13, 19, 26, 37, 51, 71, 98, 137, 190, 263, 365, 507, 703, 976, 1353, 1877, 2604, 3613, 5011], [0.017811735999202938, 0.00014985599955252837, 0.00010543100052018417, 0.00014117899991106242, 0.00017748499976733, 0.0004543310005828971, 0.0009697149998828536, 0.0011615980001806747, 0.0016145429999596672, 0.007044093000331486, 0.0069780869998794515, 0.024856412999724853, 0.02456775100017694, 0.06454148800003168, 0.19337101000019175, 0.6671995990000141, 1.7190997349998725, 4.199073974000385, 9.416091642000538, 23.467824437999298]]
[[10, 13, 19, 26, 37, 51, 71, 98, 137, 190, 263, 365, 507, 703, 976, 1353, 1877, 2604, 3613, 5011], [0.016389611999329645, 0.00015106899991224054, 0.00010453700087964535, 0.00012954199974046787, 0.0001758580001478549, 0.000600727999881201, 0.0007846669996069977, 0.0011738389994206955, 0.002158374999453372, 0.010885028000302555, 0.009036417000061192, 0.011818553000011889, 0.02459078900028544, 0.06371473699982744, 0.18806812499951775, 0.49852271799954906, 1.3812285110006997, 3.737081711999963, 9.473096979999355, 22.746065769999404]]
[[10, 13, 19, 26, 37, 51, 71, 98, 137, 190, 263, 365, 507, 703, 976, 1353, 1877, 2604, 3613, 5011], [0.018539599000177986, 0.00020042400046804687, 0.0001553350002723164, 0.000184472999535501, 0.0002446869993946166, 0.0006535889997394406, 0.0007724340002823737, 0.0011489090002214652, 0.001650905000133207, 0.011260740000579972, 0.009444925999559928, 0.012019028999930015, 0.026739394999822252, 0.0719031909993646, 0.18889423699965846, 0.5146726100001615, 1.4037439410003572, 3.300754115000018, 9.235480189000555, 25.033790786999816]]
[[10, 13, 19, 26, 37, 51, 71, 98, 137, 190, 263, 365, 507, 703, 976, 1353, 1877, 2604, 3613, 5011], [0.023907816000246385, 0.0003257219996157801, 0.001644572000259359, 0.00029787200037389994, 0.00042811999992409255, 0.0009066570000868523, 0.0008402310004385072, 0.0013960360001874506, 0.002007168000091042, 0.01734149699950649, 0.01079641099931905, 0.017314206999799353, 0.03800944700014952, 0.10725957500017103, 0.2625825189998068, 0.7257368700002189, 1.598598003999541, 3.6538212830000703, 11.265494155999477, 23.41174601199964]]
[[10, 13, 19, 26, 37, 51, 71, 98, 137, 190, 263, 365, 507, 703, 976, 1353, 1877, 2604, 3613, 5011], [0.015286298999853898, 0.00016246999985014554, 0.00010896000003413064, 0.00014046300020709168, 0.0001879110004665563, 0.00031883299925539177, 0.0008364380000784877, 0.0012627679998331587, 0.002801657000418345, 0.011120208000647835, 0.008624591999250697, 0.013250089999928605, 0.02536536299976433, 0.06570664700029738, 0.1839583559994935, 0.4909902980007246, 1.3418340090001948, 3.291115039000033, 8.480444732999786, 24.802179765999426]]
[[10, 13, 19, 26, 37, 51, 71, 98, 137, 190, 263, 365, 507, 703, 976, 1353, 1877, 2604, 3613, 5011], [0.01919937300044694, 0.00019220800004404737, 0.0001167899999927613, 0.0001429920002919971, 0.00022276599975157296, 0.0003891610003847745, 0.0008880489995135576, 0.0011267009995208355, 0.001646656999582774, 0.010797341999932542, 0.008197201000257337, 0.01500935300009587, 0.025607036000110384, 0.06630236199998762, 0.18308341600004496, 0.4955356569998912, 1.3399205900004745, 3.2911341720000564, 8.405174436999914, 24.075072835000356]]
[[10, 13, 19, 26, 37, 51, 71, 98, 137, 190, 263, 365, 507, 703, 976, 1353, 1877, 2604, 3613, 5011], [0.018506351999349135, 0.00017358799959765747, 0.00011147199984407052, 0.00014307800029200735, 0.00018835399987437995, 0.0006647540003541508, 0.000862685999891255, 0.0011771360004786402, 0.0016738180001993896, 0.011701950000315264, 0.007834017999812204, 0.013430968999273318, 0.029185004000282788, 0.06347405799988337, 0.17199497099954897, 0.4905937740004447, 1.3685959410004216, 3.3551043690004008, 8.624849591000384, 21.782927436000136]]
[[10, 13, 19, 26, 37, 51, 71, 98, 137, 190, 263, 365, 507, 703, 976, 1353, 1877, 2604, 3613, 5011], [0.0188443120005104, 0.00018845100021280814, 0.00012473500009946292, 0.00014336999993247446, 0.0001989720003621187, 0.00040110600002662977, 0.0006696420005027903, 0.0011175270001331228, 0.001735769999868353, 0.011185022000063327, 0.007851807000406552, 0.014094353000473347, 0.027229882000028738, 0.06391452100069728, 0.18144056700020883, 0.4935197740005606, 1.3410439210001641, 3.4619591959999525, 9.142142143000456, 24.95099285499964]]
[[10, 13, 19, 26, 37, 51, 71, 98, 137, 190, 263, 365, 507, 703, 976, 1353, 1877, 2604, 3613, 5011], [0.030336691999764298, 0.00018925899985333672, 0.00014071100031287642, 0.00016729100025258958, 0.00022149199958221288, 0.0008845840002322802, 0.0014142469999569585, 0.0016425960002379725, 0.002477633000125934, 0.01387633900048968, 0.008779036999840173, 0.01184471200031112, 0.025599681999665336, 0.0668437679996714, 0.1893597520002004, 0.5482767289995536, 1.768941569999697, 4.265829740999834, 10.712328418999277, 28.58066709400009]]
[[10, 13, 19, 26, 37, 51, 71, 98, 137, 190, 263, 365, 507, 703, 976, 1353, 1877, 2604, 3613, 5011], [0.01901328999974794, 0.00014975800058891764, 0.00010762900001282105, 0.00017590600054973038, 0.00017966599989449605, 0.0004249200001140707, 0.0009490370002822601, 0.0011410980005166493, 0.0017222899996340857, 0.012084715999662876, 0.011763300999518833, 0.015880717000072764, 0.03613104099986231, 0.10466396900028485, 0.25232116999995924, 0.5769388729995626, 1.5118211910003083, 3.3328974899995956, 8.655851184999847, 21.94128844200077]]
[[10, 13, 19, 26, 37, 51, 71, 98, 137, 190, 263, 365, 507, 703, 976, 1353, 1877, 2604, 3613, 5011], [0.01766572799988353, 0.0001549480002722703, 0.00011138799982290948, 0.00014034299965715036, 0.00018566700055089314, 0.0003181409992976114, 0.001101797999581322, 0.0012710229993899702, 0.0016604570000708918, 0.01132839399997465, 0.007651801000065461, 0.012441270000635996, 0.026701314999627357, 0.06767426100032026, 0.17990495300000475, 0.4967009649999454, 1.325850877999983, 3.462900157999684, 8.575552319000053, 21.80491513400011]]
[[10, 13, 19, 26, 37, 51, 71, 98, 137, 190, 263, 365, 507, 703, 976, 1353, 1877, 2604, 3613, 5011], [0.024661030000061146, 0.00023090600006980821, 0.00011300499954813858, 0.00012200699984532548, 0.00016622200018900912, 0.0008746120001887903, 0.0007407150005747098, 0.0012345559998721, 0.0022225229995456175, 0.012903633999485464, 0.008777537999776541, 0.011482054999760294, 0.026317884000491176, 0.06932691700058058, 0.18387880000045698, 0.4942128969996702, 1.3299294129992631, 3.2838884880002297, 8.664467378000154, 27.95294807100072]]
[[10, 13, 19, 26, 37, 51, 71, 98, 137, 190, 263, 365, 507, 703, 976, 1353, 1877, 2604, 3613, 5011], [0.02708223699937662, 0.0001936469998327084, 0.00018382200050837127, 0.00016219099961745087, 0.00018376699972577626, 0.00031866400058788713, 0.0009349560004920932, 0.004371527999865066, 0.005011084000216215, 0.025224791999789886, 0.04260806299953401, 0.03733616800036543, 0.0786655840001913, 0.2398022259994832, 0.24360869400061347, 0.6128091059999861, 1.5106169519995092, 4.586726523000834, 9.210303873000157, 24.05525252100051]]
[[10, 13, 19, 26, 37, 51, 71, 98, 137, 190, 263, 365, 507, 703, 976, 1353, 1877, 2604, 3613, 5011], [0.020173641999463143, 0.0001547700003357022, 0.00010943400047835894, 0.00013951399978395784, 0.0001858549994722125, 0.0003165030002492131, 0.0010539450004216633, 0.0013090069996906095, 0.0019458310007394175, 0.01123875100074656, 0.007869769000535598, 0.011442154999713239, 0.027255549999608775, 0.06487416500021936, 0.17780143799973303, 0.5101249040008042, 1.3212331569993694, 3.9843253330000152, 9.328054884999801, 22.96537444600017]]
[[10, 13, 19, 26, 37, 51, 71, 98, 137, 190, 263, 365, 507, 703, 976, 1353, 1877, 2604, 3613, 5011], [0.01716205600041576, 0.00015436900048371172, 0.00010921899956883863, 0.00013754199972026981, 0.00018616400029713986, 0.0003170610007146024, 0.0007435260004058364, 0.0008870669998941594, 0.0016488210003444692, 0.010950105000119947, 0.007747273999484605, 0.015708423999967636, 0.02522827699976915, 0.06756968300032895, 0.18147850200057292, 0.501950262999344, 1.383863193000252, 3.913946120000219, 9.969585002000713, 25.720664778000355]]
[[10, 13, 19, 26, 37, 51, 71, 98, 137, 190, 263, 365, 507, 703, 976, 1353, 1877, 2604, 3613, 5011], [0.018054982000649034, 0.00015241300025081728, 0.00010524599929340184, 0.00013123200005793478, 0.0006024349995641387, 0.00043739800003095297, 0.0007564420002381667, 0.0011677359998429893, 0.0016792520000308286, 0.01131166100003611, 0.005830916999912006, 0.011711334000210627, 0.025149938000140537, 0.06570761199964181, 0.211260052000398, 0.6013067640005829, 1.7995449029995143, 4.587337500000103, 13.316165818999252, 26.521260929000164]]
[[10, 13, 19, 26, 37, 51, 71, 98, 137, 190, 263, 365, 507, 703, 976, 1353, 1877, 2604, 3613, 5011], [0.021865076999347366, 0.00020382200000312878, 0.00015874000018811785, 0.000242629000240413, 0.00023461699947802117, 0.0005151129998921533, 0.0008084709998001927, 0.0015101000008144183, 0.0049929300002986565, 0.014560374999746273, 0.007175313000516326, 0.013412776000222948, 0.025894956999763963, 0.07117271999959485, 0.19427608500063798, 0.5353656759998557, 1.4271836600000825, 3.5660836320003, 8.891527013999621, 23.437712239000575]]
[[10, 13, 19, 26, 37, 51, 71, 98, 137, 190, 263, 365, 507, 703, 976, 1353, 1877, 2604, 3613, 5011], [0.02129627900012565, 0.00018962100057251519, 0.00014239499978430104, 0.00018368600012763636, 0.00036123500012763543, 0.0003662019998955657, 0.0007352640004683053, 0.001191893000395794, 0.001689252000687702, 0.01184661800016329, 0.00904174300012528, 0.013632473000143364, 0.02739779500006989, 0.06483144400044694, 0.18898711499969068, 0.5006466550003097, 1.318838904000586, 3.433579423000083, 8.748441656000068, 26.62900290500056]]
[[10, 13, 19, 26, 37, 51, 71, 98, 137, 190, 263, 365, 507, 703, 976, 1353, 1877, 2604, 3613, 5011], [0.0212772410004618, 0.000515695000103733, 0.0003452769997238647, 0.00031541899988951627, 0.0003715109996846877, 0.0011301989998173667, 0.000848313000460621, 0.0013091560003886116, 0.002047842000138189, 0.015078061000167509, 0.0111704760001885, 0.011835973000415834, 0.02570984299927659, 0.06696575099977053, 0.2107126220007558, 0.5599934430001667, 1.4679329609998604, 3.61336024800039, 9.771398589000455, 27.349960798999746]]
[[10, 13, 19, 26, 37, 51, 71, 98, 137, 190, 263, 365, 507, 703, 976, 1353, 1877, 2604, 3613, 5011], [0.018331103000491566, 0.000155560000166588, 0.00013321900041773915, 0.00015164100022957427, 0.0001818529999582097, 0.0006270479998420342, 0.0008696349996171193, 0.0011139480002384516, 0.0016652849999445607, 0.010946784999759984, 0.008383450000110315, 0.011505544999636186, 0.025203694000083487, 0.06589217400050984, 0.17733520699948713, 0.8383451150002657, 1.3312864789995729, 4.2742248630001995, 10.011423525999817, 25.436083437999514]]
[[10, 13, 19, 26, 37, 51, 71, 98, 137, 190, 263, 365, 507, 703, 976, 1353, 1877, 2604, 3613, 5011], [0.02200475399968127, 0.000153472999954829, 0.00017088900040107546, 0.00012094599969714181, 0.00022822799928690074, 0.00038880899955984205, 0.0013861739998901612, 0.0017392299996572547, 0.0022109860001364723, 0.014597534000131418, 0.01112687100066978, 0.018880882000303245, 0.04551074199935101, 0.11729200500030856, 0.3208050120001644, 0.9451310340000418, 2.6274020969995036, 7.768839888000002, 20.277859640000315, 51.1956910429999]]
[[10, 13, 19, 26, 37, 51, 71, 98, 137, 190, 263, 365, 507, 703, 976, 1353, 1877, 2604, 3613, 5011], [0.01777414099979069, 0.00015036599961604225, 0.0001150070002040593, 0.00015046200041979318, 0.0002266809997308883, 0.000558200999876135, 0.0010548439995545777, 0.002152046999981394, 0.002426404999823717, 0.004583772999467328, 0.018224012999780825, 0.028266531000554096, 0.04491404500004137, 0.11208158299996285, 0.3305520969997815, 1.3250153619992489, 2.8944846829999733, 8.373088846999963, 18.404204551000475, 54.2137238790001]]
[[10, 13, 19, 26, 37, 51, 71, 98, 137, 190, 263, 365, 507, 703, 976, 1353, 1877, 2604, 3613, 5011], [0.020976200000404788, 0.00024385599954257486, 0.0006595970007765573, 0.0002375310004936182, 0.0004887229997621034, 0.000698978999935207, 0.0010615149994919193, 0.0012163700002929545, 0.0027181769992239424, 0.004582208000101673, 0.02064751200032333, 0.03196228599972528, 0.05157605600015813, 0.12931517100059864, 0.4321542719999343, 1.322585082999467, 3.6910106509994876, 8.486141884000062, 24.049843150000015, 48.44119423400025]]
[[10, 13, 19, 26, 37, 51, 71, 98, 137, 190, 263, 365, 507, 703, 976, 1353, 1877, 2604, 3613, 5011], [0.017083732999708445, 0.00013373300043895142, 9.0176999947289e-05, 0.00011250700026721461, 0.0002150939999410184, 0.0005147330002728268, 0.0011528630002430873, 0.0014955469996493775, 0.0021942149996903026, 0.00487069600058021, 0.017372728999362153, 0.02889620499990997, 0.04630498999995325, 0.11475047400017502, 0.3256257499997446, 0.9261411429997679, 2.593116332000136, 6.901083807000759, 20.31648798599963, 50.214245809000204]]
[[10, 13, 19, 26, 37, 51, 71, 98, 137, 190, 263, 365, 507, 703, 976, 1353, 1877, 2604, 3613, 5011], [0.015887064999333234, 0.00014403400018636603, 9.136500011663884e-05, 0.00011246100075368304, 0.00022355000055540586, 0.0003699729995787493, 0.0011985589999312651, 0.0014264889996411512, 0.002245356000457832, 0.0055126510005720775, 0.020774595999682788, 0.030759946999751264, 0.04414068900041457, 0.12079188600000634, 0.3952218870008437, 0.9407123490000231, 2.7821311829993647, 8.606245243000558, 19.88030841499949, 50.599218088999805]]
[[10, 13, 19, 26, 37, 51, 71, 98, 137, 190, 263, 365, 507, 703, 976, 1353, 1877, 2604, 3613, 5011], [0.015789747999406245, 0.00015995200010365807, 0.0002459400002408074, 0.00012059200071234955, 0.00020972699985577492, 0.0003508139998302795, 0.0005984869994790643, 0.001404261000061524, 0.002295372000844509, 0.005937181000263081, 0.02043143799983227, 0.027773031999458908, 0.047683408000011696, 0.12112183400040522, 0.3548242269998809, 0.9282485140001882, 2.7408449519998612, 7.036859337999886, 20.60544676599966, 52.575516393000726]]
[[10, 13, 19, 26, 37, 51, 71, 98, 137, 190, 263, 365, 507, 703, 976, 1353, 1877, 2604, 3613, 5011], [0.018618048999996972, 0.000134760000037204, 8.977900051831966e-05, 0.00011346100018272409, 0.00023966000026121037, 0.00037323400010791374, 0.0009556119994158507, 0.0015447010000571026, 0.0024758769995969487, 0.006013781000547169, 0.020036032999996678, 0.030749147000278754, 0.04604034000021784, 0.12651066099988384, 0.3173031309997896, 0.8984001160006301, 2.6501923430005263, 7.557683923000695, 18.80866699699982, 48.93941015099972]]
[[10, 13, 19, 26, 37, 51, 71, 98, 137, 190, 263, 365, 507, 703, 976, 1353, 1877, 2604, 3613, 5011], [0.015474257000278158, 0.00015011499999673106, 9.176399998978013e-05, 0.00011209199965378502, 0.00021499699960259022, 0.0003633229998740717, 0.0012117090000174358, 0.0015947029996823403, 0.0022332079997795518, 0.00531314499949076, 0.017555759999595466, 0.03263569299997471, 0.0477816000002349, 0.1166618910001489, 0.3378822130007393, 0.9056835029996364, 2.587745011000152, 7.600986839999678, 22.88899751200006, 52.555259545999434]]
[[10, 13, 19, 26, 37, 51, 71, 98, 137, 190, 263, 365, 507, 703, 976, 1353, 1877, 2604, 3613, 5011], [0.013615695000225969, 0.00022326799989969004, 0.00015745299970149063, 0.00017781999940780224, 0.00031547300022793934, 0.000867359000039869, 0.0012182780001239735, 0.0012127789996156935, 0.0031258910003089113, 0.0058459739993850235, 0.019224750999455864, 0.027758590999837907, 0.051096050000523974, 0.11691889299981995, 0.3576999690003504, 0.8970471100001305, 2.5429775689999587, 6.979104227999414, 18.82450827499997, 50.733526954999434]]
[[10, 13, 19, 26, 37, 51, 71, 98, 137, 190, 263, 365, 507, 703, 976, 1353, 1877, 2604, 3613, 5011], [0.017332587000055355, 0.00014086099963606102, 0.00012123299984523328, 0.00012867300029029138, 0.0002278970005136216, 0.00037321800027712015, 0.0011854350004796288, 0.001579920000040147, 0.002613976999782608, 0.005120806000377343, 0.017555990000801103, 0.028927830999236903, 0.0439278200001354, 0.1320743180003774, 0.694294441999773, 1.0759122700001171, 2.8362260690000767, 7.200286553999831, 19.404383525999947, 75.23214101899976]]
[[10, 13, 19, 26, 37, 51, 71, 98, 137, 190, 263, 365, 507, 703, 976, 1353, 1877, 2604, 3613, 5011], [0.012733887000649702, 0.0001637839995964896, 0.00010185500104853418, 0.00012365499969746452, 0.00022685399926558603, 0.00037460599924088456, 0.0007757370003673714, 0.0014232169996830635, 0.002232402001027367, 0.0045841430001019035, 0.01455784700010554, 0.02723844200045278, 0.04549406400110456, 0.22304553799949645, 0.4672848600002908, 1.0571504220006318, 3.4266610689992376, 8.018821494999429, 21.907838119999724, 50.92730030100029]]
[[10, 13, 19, 26, 37, 51, 71, 98, 137, 190, 263, 365, 507, 703, 976, 1353, 1877, 2604, 3613, 5011], [0.01990948399907211, 0.00013706099889532197, 9.508299990557134e-05, 0.00012361100016278215, 0.00022539999918080866, 0.0006128029999672435, 0.0010768079991976265, 0.0014250109998101834, 0.002266761001010309, 0.004519198000707547, 0.017628861000048346, 0.02854545400077768, 0.05579623899939179, 0.11830387600093673, 0.3359783969990531, 0.9118668390001403, 2.5439756010000565, 6.86929358299858, 18.579701852000653, 49.68631354700119]]
[[10, 13, 19, 26, 37, 51, 71, 98, 137, 190, 263, 365, 507, 703, 976, 1353, 1877, 2604, 3613, 5011], [0.01565354699960153, 0.00013453000065055676, 8.930699914344586e-05, 0.00011140099923068192, 0.00032482000096933916, 0.00038784699972893577, 0.0015641350000805687, 0.0015759359994262923, 0.004795341001226916, 0.015089855000042007, 0.019346310999026173, 0.028897109001263743, 0.04668266400040011, 0.17598643100063782, 0.3756372419993568, 1.0842731880002248, 2.587932276999709, 7.259711827999126, 19.317751254999166, 52.69758297000044]]
[[10, 13, 19, 26, 37, 51, 71, 98, 137, 190, 263, 365, 507, 703, 976, 1353, 1877, 2604, 3613, 5011], [0.014647080999566242, 0.00017153299995698035, 0.0001246330011781538, 0.0001550050001242198, 0.0002371240007050801, 0.0006637390015384881, 0.001555754000946763, 0.0016140399984578835, 0.0021974820010655094, 0.004638483000235283, 0.018047239998850273, 0.029034366001724266, 0.05413515699910931, 0.11371603500083438, 0.3295985559998371, 0.8927015190001839, 2.6064266270004737, 6.934657628999048, 19.117066090999288, 57.58903563199965]]
[[10, 13, 19, 26, 37, 51, 71, 98, 137, 190, 263, 365, 507, 703, 976, 1353, 1877, 2604, 3613, 5011], [0.01588047900077072, 0.00015416499991260935, 9.691299965197686e-05, 0.00014005099910718855, 0.00022021500080882106, 0.0003654430001915898, 0.0011761860005208291, 0.0018500099995435448, 0.0025869649998639943, 0.004923264999888488, 0.023457129998860182, 0.02847969600043143, 0.046989679998659994, 0.11875638699893898, 0.37124633399980667, 0.9549519770007464, 2.5423127499998373, 7.012191400001029, 19.507974961999935, 50.56677058399873]]
[[10, 13, 19, 26, 37, 51, 71, 98, 137, 190, 263, 365, 507, 703, 976, 1353, 1877, 2604, 3613, 5011], [0.017180883000037284, 0.00013404499986791052, 8.974100092018489e-05, 0.00011162700138811488, 0.0002127009993273532, 0.00036194499989505857, 0.001161070000307518, 0.001587273000041023, 0.0027218140003242297, 0.004695906998676946, 0.01936643999943044, 0.03209476600022754, 0.04692750200047158, 0.11679103300048155, 0.3314829169994482, 0.9069899599999189, 2.568060671999774, 6.860968576000232, 21.069076030998986, 51.13936188799926]]
[[10, 13, 19, 26, 37, 51, 71, 98, 137, 190, 263, 365, 507, 703, 976, 1353, 1877, 2604, 3613, 5011], [0.01682041999993089, 0.00016272799985017627, 0.00012298699948587455, 0.0001615839992155088, 0.00022287700085144024, 0.00036329799877421465, 0.0009565979999024421, 0.0015175330008787569, 0.0021871360004297458, 0.005277319000015268, 0.022629244000199833, 0.029987771000378416, 0.04677321399867651, 0.12381376600023941, 0.4022823030009022, 0.9211842309996428, 2.6655264970013377, 7.739961970000877, 18.926784010998745, 51.654085203999784]]
[[10, 13, 19, 26, 37, 51, 71, 98, 137, 190, 263, 365, 507, 703, 976, 1353, 1877, 2604, 3613, 5011], [0.01374441299958562, 0.0001411459998053033, 0.00010265700075251516, 0.0001253300015378045, 0.0002265189996251138, 0.0005125959996803431, 0.0008759940010349965, 0.001641695000216714, 0.002449154999339953, 0.006837436998466728, 0.020158229999651667, 0.02684138499898836, 0.045809281000401825, 0.11627445400154102, 0.3338317769994319, 0.8919020320008713, 2.6693379540010937, 7.980418844999804, 20.212103619000118, 51.31972195400158]]
[[10, 13, 19, 26, 37, 51, 71, 98, 137, 190, 263, 365, 507, 703, 976, 1353, 1877, 2604, 3613, 5011], [0.023282915999516263, 0.00017932800074049737, 0.00017372599904774688, 0.00015878300109761767, 0.00033408700073778164, 0.0005797969988634577, 0.002713718999075354, 0.00993117500001972, 0.002565619999586488, 0.005006389999834937, 0.02373487600016233, 0.0437572539995017, 0.05148500600080297, 0.12290136299998267, 0.32488168899908487, 1.2129158089992416, 3.1802928269989934, 7.143341590999626, 18.33636807199946, 49.2629620050011]]
[[10, 13, 19, 26, 37, 51, 71, 98, 137, 190, 263, 365, 507, 703, 976, 1353, 1877, 2604, 3613, 5011], [0.01739268899837043, 0.0001525109983049333, 9.49969999055611e-05, 0.00012182399950688705, 0.0002563599991844967, 0.0004945569999108557, 0.0010121459999936633, 0.001579132998813293, 0.002603511999041075, 0.0046265429991763085, 0.019304429000840173, 0.027073630000813864, 0.055975159999434254, 0.11601561399947968, 0.3269581789991207, 0.8790326100006496, 2.559891863998928, 6.886801724998804, 18.750931901999138, 48.42055088199959]]
