[[10, 13, 19, 26, 37, 51, 71, 98, 137, 190, 263, 365, 507, 703, 976, 1353, 1877, 2604, 3613, 5011], [0.02652690400000779, 0.0017405950000011217, 0.00014558099999817387, 0.0001918009999997139, 0.0182538260000058, 0.002641489000012598, 0.008919759000008298, 0.0029260750000048574, 0.00915894300000275, 0.0058449200000012524, 0.007211929999996869, 0.012227602999999476, 0.02623039000000915, 0.07420797000000334, 0.15220531200000664, 0.5051459139999963, 1.0452680270000059, 2.460083312000009, 6.027751902000006, 15.144940917]]
[[10, 13, 19, 26, 37, 51, 71, 98, 137, 190, 263, 365, 507, 703, 976, 1353, 1877, 2604, 3613, 5011], [0.006861241999999379, 0.00017839100000571761, 0.00013758600000812748, 0.0002005449999984421, 0.00024693999999669813, 0.00045765100000494385, 0.0008217029999997294, 0.0010092400000019097, 0.0015156070000017507, 0.003269200999994837, 0.007802205000004392, 0.011439266000010662, 0.02384888999999646, 0.05843561099999306, 0.13046819299999868, 0.3257553400000006, 0.9022223739999902, 2.293167261999997, 6.01486131099999, 15.316602337000006]]
[[10, 13, 19, 26, 37, 51, 71, 98, 137, 190, 263, 365, 507, 703, 976, 1353, 1877, 2604, 3613, 5011], [0.007944980999980089, 0.0001582219999818335, 0.00011572599998999067, 0.00014117899999632755, 0.00023064800001293406, 0.0004201420000242706, 0.000887610000006589, 0.0009505179999962365, 0.001522363999981735, 0.0038581759999942733, 0.007528056000012384, 0.01142118699999628, 0.02369239000000789, 0.058699633999992784, 0.13021000300000196, 0.32345114800000374, 0.8846255290000045, 2.330811605000008, 5.974794360000004, 15.165773629]]
[[10, 13, 19, 26, 37, 51, 71, 98, 137, 190, 263, 365, 507, 703, 976, 1353, 1877, 2604, 3613, 5011], [0.0071213009999837595, 0.0001574800000128107, 0.0001082080000003316, 0.0001305799999897772, 0.00031300199998440803, 0.00039600000002337765, 0.0007743489999825215, 0.0009821600000066155, 0.0015834379999830617, 0.002871384999991733, 0.0077144100000055005, 0.012000723999989305, 0.02480378699999619, 0.05697143900002288, 0.13135175799999388, 0.32882721699999706, 0.9202720429999829, 2.2956845159999943, 5.940677748000013, 15.549876917000006]]
[[10, 13, 19, 26, 37, 51, 71, 98, 137, 190, 263, 365, 507, 703, 976, 1353, 1877, 2604, 3613, 5011], [0.00757853100000716, 0.00015585200000600707, 0.00011159700000007433, 0.00018552000000227054, 0.0002511950000041452, 0.00032328399998959867, 0.0007649380000032124, 0.0011181070000247928, 0.0016155239999875448, 0.002837050000010777, 0.008179401000006692, 0.01142743299999438, 0.024180703000013182, 0.0572347159999822, 0.12668878000002337, 0.32003643400000215, 0.9117441950000114, 2.290444653999998, 5.859396860999993, 16.563384764000006]]
[[10, 13, 19, 26, 37, 51, 71, 98, 137, 190, 263, 365, 507, 703, 976, 1353, 1877, 2604, 3613, 5011], [0.008727464000003238, 0.00026475999999320265, 0.00024070700001743717, 0.00027699200001052304, 0.00036734899998691617, 0.001231799999999339, 0.0005976890000169988, 0.0010861990000137212, 0.0017022529999906055, 0.00392872000000466, 0.01016091700000743, 0.014935758999996551, 0.031270331999991186, 0.07964907400000243, 0.1432349930000214, 0.3835338289999868, 0.9635298579999869, 2.3092778859999896, 5.815540346999995, 18.825228631000016]]
[[10, 13, 19, 26, 37, 51, 71, 98, 137, 190, 263, 365, 507, 703, 976, 1353, 1877, 2604, 3613, 5011], [0.018184423999997534, 0.0005602110000211269, 0.0004163199999993594, 0.0007211110000184817, 0.009950371999991603, 0.0009985910000125386, 0.003006583999990653, 0.0020220099999903596, 0.004026229000004378, 0.026431883000014977, 0.030174840999990238, 0.024839517999993177, 0.0420290419999958, 0.06591971099999228, 0.12916933999997582, 0.37735440700001277, 2.1047002399999997, 4.528651619999948, 7.099629679999964, 15.590128526]]
[[10, 13, 19, 26, 37, 51, 71, 98, 137, 190, 263, 365, 507, 703, 976, 1353, 1877, 2604, 3613, 5011], [0.007497338999996828, 0.0001660200000515033, 0.00011856599996917794, 0.0001444960000185347, 0.00022919799999954193, 0.0003031809999924917, 0.0008375290000230962, 0.0010968670000011116, 0.0016222780000134662, 0.0028836059999548525, 0.007829096000023128, 0.013442928000017673, 0.023633510999957252, 0.05743042000000287, 0.12666466500002116, 0.3304173580000338, 0.9031790490000162, 2.5891223229999696, 6.043570774999978, 15.66012793699997]]
[[10, 13, 19, 26, 37, 51, 71, 98, 137, 190, 263, 365, 507, 703, 976, 1353, 1877, 2604, 3613, 5011], [0.007430862999967758, 0.000166200000023764, 0.00011199700003317048, 0.000409624999974767, 0.0003181199999744422, 0.00032481800002415184, 0.0008450589999711156, 0.0009909139999990657, 0.0015856779999694481, 0.0028923229999691102, 0.007803296999952636, 0.011335819000009906, 0.023995629000012286, 0.057153142999993634, 0.12689088900003753, 0.333348371999989, 0.9524198020000085, 2.333960303999959, 5.99474124599999, 15.509774456000002]]
[[10, 13, 19, 26, 37, 51, 71, 98, 137, 190, 263, 365, 507, 703, 976, 1353, 1877, 2604, 3613, 5011], [0.008324056999981622, 0.00017166899999665475, 0.0001154880000058256, 0.00015471000000388813, 0.00022952099999429265, 0.00030320099995151395, 0.0007853960000261395, 0.0009645990000421989, 0.0015486010000245187, 0.0028596470000366025, 0.010186428000054093, 0.01144130000000132, 0.02359062300001824, 0.0569482959999732, 0.12639665400001832, 0.31820458900000403, 0.8934485610000138, 2.320215054000016, 6.063677861999963, 15.496961532]]
[[10, 13, 19, 26, 37, 51, 71, 98, 137, 190, 263, 365, 507, 703, 976, 1353, 1877, 2604, 3613, 5011], [0.014641541000003144, 0.00030484500001648485, 9.873199996945914e-05, 0.0001239230000464886, 0.005792203999988033, 0.003539356000032967, 0.0023949130000460173, 0.004440314000021317, 0.0032247209999809456, 0.006164998000031119, 0.009418978000041989, 0.023204619999944498, 0.05083300900002996, 0.1336988839999549, 0.3095292569999515, 0.7659588450000001, 2.0091351990000135, 4.906721294999954, 13.034481642000003, 31.808648092999988]]
[[10, 13, 19, 26, 37, 51, 71, 98, 137, 190, 263, 365, 507, 703, 976, 1353, 1877, 2604, 3613, 5011], [0.008023911999998745, 0.0001566020000041135, 8.961600002521664e-05, 0.00011265699998830314, 0.00021949299997459093, 0.00029844400000911264, 0.0008949830000233305, 0.0015378370000007635, 0.0027186899999946945, 0.005852586999992582, 0.010482595000041783, 0.02238751599998068, 0.050374861999955556, 0.12649113800000578, 0.3188895709999997, 0.7645355149999773, 2.017161279999982, 4.934913752999989, 12.857078201999968, 33.479944037999985]]
[[10, 13, 19, 26, 37, 51, 71, 98, 137, 190, 263, 365, 507, 703, 976, 1353, 1877, 2604, 3613, 5011], [0.008112969999956476, 0.00014420400003700706, 8.972799997764014e-05, 0.00015472199999067016, 0.0002373849999912636, 0.00034536300000809206, 0.0006690699999580829, 0.0011058439999942493, 0.0019074319999958789, 0.004402281000011499, 0.009267476000047736, 0.02163341099998206, 0.05700782500002788, 0.1267455949999885, 0.31902143400003524, 0.793829211000002, 2.017680838999979, 4.948522013000002, 13.263545052999973, 32.05881222700003]]
[[10, 13, 19, 26, 37, 51, 71, 98, 137, 190, 263, 365, 507, 703, 976, 1353, 1877, 2604, 3613, 5011], [0.008050619000073311, 0.00013586000000032072, 9.012900000016089e-05, 0.00011149599993132142, 0.00021731100002853054, 0.0003046489999860569, 0.0009607670000377766, 0.0011761099999603175, 0.0028794400000151654, 0.004337083999985225, 0.011054070000000138, 0.022974115000010897, 0.051107279999996535, 0.12760290800008534, 0.31748560100004397, 0.780326381000009, 1.9993928410000308, 4.948830276000081, 12.862469293999993, 32.15346186099998]]
[[10, 13, 19, 26, 37, 51, 71, 98, 137, 190, 263, 365, 507, 703, 976, 1353, 1877, 2604, 3613, 5011], [0.00775911100004123, 0.00014469600000666105, 9.566299991092819e-05, 0.00012103999995360937, 0.0002353350000703358, 0.00033252100001845974, 0.0010677620000478782, 0.0012056909999955678, 0.0021867560000146113, 0.004160867999985385, 0.009384726999996928, 0.021768201999975645, 0.058475104999956784, 0.1312928309999961, 0.313928580000038, 0.7745570439999483, 1.994344070000011, 4.9167866540000205, 13.000576372999944, 31.620640053999978]]
[[10, 13, 19, 26, 37, 51, 71, 98, 137, 190, 263, 365, 507, 703, 976, 1353, 1877, 2604, 3613, 5011], [0.009208926000042084, 0.0001397150000457259, 8.94260000450231e-05, 0.00018007699998179305, 0.0003291030000127648, 0.00049594100005379, 0.0006790500000306565, 0.0010614269999678072, 0.002077081000038561, 0.004179192000037801, 0.009458241999936945, 0.021908525999947415, 0.05647388799991404, 0.12647838899999897, 0.31527316800008975, 0.7622238420000258, 1.9988341780000383, 5.343982496999956, 13.953683441000067, 31.540187363999962]]
[[10, 13, 19, 26, 37, 51, 71, 98, 137, 190, 263, 365, 507, 703, 976, 1353, 1877, 2604, 3613, 5011], [0.009394270000029792, 0.00016248600002199964, 0.00013379699998949945, 0.0001652239999430094, 0.0027327880000029836, 0.0005499500000496482, 0.0011905349999778991, 0.0016268440000430928, 0.0018473439999979746, 0.004482308999968154, 0.009358269000017572, 0.02662595499998588, 0.05656850000002578, 0.12942184400003498, 0.3128625580000062, 0.7685463230000096, 2.0347397100000535, 4.902494476000015, 13.026346446000048, 32.210805789000005]]
[[10, 13, 19, 26, 37, 51, 71, 98, 137, 190, 263, 365, 507, 703, 976, 1353, 1877, 2604, 3613, 5011], [0.00841924899998503, 0.00014949399997021828, 9.043200009273278e-05, 0.0002064270000801116, 0.0002683999999817388, 0.00034644400000161113, 0.0007193680000909808, 0.0010839699999678487, 0.0018476409999266252, 0.004318265000051724, 0.010145860999955403, 0.02160515299999588, 0.055606406999913816, 0.1267998789999183, 0.32111891599993214, 0.7646963270000242, 2.002847982999924, 4.937864126000022, 12.759273555999926, 31.606754204000026]]
[[10, 13, 19, 26, 37, 51, 71, 98, 137, 190, 263, 365, 507, 703, 976, 1353, 1877, 2604, 3613, 5011], [0.008060211000042727, 0.00013611899998977606, 8.764200003952283e-05, 0.00011968199999046192, 0.0002526690000195231, 0.0003172079999558264, 0.0013277139998990606, 0.0012061749999929816, 0.0020906669999476435, 0.004214505999925677, 0.00944135199995344, 0.026311923999969622, 0.05037238499994601, 0.12700928900005692, 0.32036322199996903, 0.7572141809999948, 2.0116457110000283, 4.9392398580000645, 12.901412807000042, 31.865727617999937]]
[[10, 13, 19, 26, 37, 51, 71, 98, 137, 190, 263, 365, 507, 703, 976, 1353, 1877, 2604, 3613, 5011], [0.007981857000004311, 0.0001407650000828653, 9.363200001644145e-05, 0.00013105899995480286, 0.00022385900001609116, 0.0003171650000695081, 0.0006282829999690875, 0.0011166259999981776, 0.0021381609999480133, 0.004217044000029091, 0.009841292000032809, 0.02162848099999337, 0.05741559000000507, 0.12789851399998042, 0.31215063299998747, 0.7725543690000904, 2.013695087999963, 4.9891267069999685, 15.13336591999996, 32.82865618100004]]
[[10, 13, 19, 26, 37, 51, 71, 98, 137, 190, 263, 365, 507, 703, 976, 1353, 1877, 2604, 3613, 5011], [0.009158328000012261, 0.0001466390000359752, 0.0001236849999486367, 0.0001384529999768347, 0.00023092000003543944, 0.00031216599995786964, 0.001024769000082415, 0.0010946950000061406, 0.0020265310000695536, 0.004211258999930578, 0.010650405000092178, 0.024727136000024075, 0.05077181100000416, 0.13142970199999127, 0.3204483979999395, 0.7718254699999534, 1.9963114170000154, 4.890408967999974, 12.889909031000002, 32.16522337699996]]
[[10, 13, 19, 26, 37, 51, 71, 98, 137, 190, 263, 365, 507, 703, 976, 1353, 1877, 2604, 3613, 5011], [0.007933548999972118, 0.00013895500001126493, 0.00011022099999991042, 0.00014962000000195985, 0.0002340990000675447, 0.00032077299999855313, 0.0008069550000300296, 0.0013816569999107742, 0.0018920039999557048, 0.0042829199999232515, 0.00932980499999303, 0.023188894999975673, 0.055157366000003094, 0.13013983700000153, 0.3193246910000198, 0.76569872999994, 1.988508718999924, 4.911327686999925, 12.792530833, 32.19178811900008]]
[[10, 13, 19, 26, 37, 51, 71, 98, 137, 190, 263, 365, 507, 703, 976, 1353, 1877, 2604, 3613, 5011], [0.007654381000065769, 0.00014158399994812498, 0.00011701799996899354, 0.0001235070000120686, 0.0002303100000062841, 0.00031406599998717866, 0.0009377249999715787, 0.001180017000024236, 0.0018462360000057743, 0.0046944420000727405, 0.009689236999975037, 0.02191619500001707, 0.054056222999975034, 0.13202842500004408, 0.3163260740000169, 0.7677714190000415, 2.077001237000104, 4.9384992350001085, 12.808311385000025, 32.72592086700001]]
[[10, 13, 19, 26, 37, 51, 71, 98, 137, 190, 263, 365, 507, 703, 976, 1353, 1877, 2604, 3613, 5011], [0.008418376999998145, 0.00014027600013832853, 9.448699984204723e-05, 0.00012384000001475215, 0.00023367299991150503, 0.00031673700004830607, 0.0008368679998511652, 0.0012074230000962416, 0.002084308000121382, 0.004248745000040799, 0.010957971999914662, 0.02656520100003945, 0.05061563799995383, 0.1395776009999281, 0.3246281980000276, 0.7736713530000543, 2.0111378840001635, 4.936934189999874, 12.89126064900006, 31.631085281999958]]
[[10, 13, 19, 26, 37, 51, 71, 98, 137, 190, 263, 365, 507, 703, 976, 1353, 1877, 2604, 3613, 5011], [0.008224346000133664, 0.000202145000002929, 0.0001381280001169216, 0.0001652460000514111, 0.000323955000112619, 0.0005652059999192716, 0.0006960779999189981, 0.0010552829999141977, 0.0021031450000918994, 0.00418893900018702, 0.009601939999811293, 0.021747274000063044, 0.055853585000022576, 0.12476697200008857, 0.34135521200005314, 0.7709714299999177, 1.9899665970001479, 5.11539811800003, 12.844354818000056, 32.163930547000064]]
[[10, 13, 19, 26, 37, 51, 71, 98, 137, 190, 263, 365, 507, 703, 976, 1353, 1877, 2604, 3613, 5011], [0.008080298000095354, 0.00013906399999541463, 8.855900000526162e-05, 0.00011280800003987679, 0.00021810700013702444, 0.00030485799993584806, 0.00101174299993545, 0.001216107999880478, 0.002924091000068074, 0.005157718999953431, 0.010338591999925484, 0.022884242000145605, 0.051505399000006946, 0.12664955800005373, 0.3207564269998784, 0.7648571950001042, 2.0186809530000573, 4.906251993000069, 12.889125213999932, 31.81033930800004]]
[[10, 13, 19, 26, 37, 51, 71, 98, 137, 190, 263, 365, 507, 703, 976, 1353, 1877, 2604, 3613, 5011], [0.008305398999937097, 0.0001400769999690965, 8.793100005277665e-05, 0.00011710299986589234, 0.00022160499997880834, 0.0003052030001526873, 0.001243103999968298, 0.0010911699998814584, 0.0018322780001653882, 0.006030995000173789, 0.011160605999975814, 0.02317622499981553, 0.05136464400015939, 0.13035553699978664, 0.31338128000015786, 0.7707772950000162, 2.001094874000046, 4.921683432000009, 12.89909749100002, 32.278436305000014]]
[[10, 13, 19, 26, 37, 51, 71, 98, 137, 190, 263, 365, 507, 703, 976, 1353, 1877, 2604, 3613, 5011], [0.008131367999794747, 0.00013518700006898143, 9.332599984190892e-05, 0.00012311699993006187, 0.00023208500010696298, 0.0003156179998313746, 0.0011221460001706873, 0.0010825970000496454, 0.0018462670000189974, 0.004309678000026906, 0.009584548000020732, 0.022260235999965516, 0.05846174500015877, 0.1274577629999385, 0.3175376179999603, 0.7766431000000011, 2.0020617079999283, 4.920006521000005, 12.763961614999971, 31.88058479999995]]
[[10, 13, 19, 26, 37, 51, 71, 98, 137, 190, 263, 365, 507, 703, 976, 1353, 1877, 2604, 3613, 5011], [0.007745802000044932, 0.00013920400010647427, 8.779900008448749e-05, 0.00011085400001320522, 0.0003052889999253239, 0.00048199800016845984, 0.000981104999937088, 0.001201464000132546, 0.0018219889998363215, 0.004243569999971442, 0.009376477999921917, 0.02701421400001891, 0.05200939699989249, 0.1273252590001448, 0.3178387579998798, 0.7598752100000183, 2.018353982000008, 4.925009528999908, 13.749338784999964, 32.14526677799995]]
[[10, 13, 19, 26, 37, 51, 71, 98, 137, 190, 263, 365, 507, 703, 976, 1353, 1877, 2604, 3613, 5011], [0.00790727200001129, 0.00020717600000352832, 0.00012524199996732932, 0.0002573009999196074, 0.00030689300001540687, 0.000480386999925031, 0.0009112289999393397, 0.0011197139999694627, 0.0018124979999356583, 0.004479199999877892, 0.00952757200002452, 0.022392600000102902, 0.0538484870000957, 0.12817421499994452, 0.3183433110000351, 0.9071149689998492, 2.543764337000084, 6.346772476000069, 15.749111374999984, 35.136758633]]
[[10, 13, 19, 26, 37, 51, 71, 98, 137, 190, 263, 365, 507, 703, 976, 1353, 1877, 2604, 3613, 5011], [0.011832681999976558, 0.00017003799985104706, 0.00012582199997268617, 0.00551874100005989, 0.0002885809999497724, 0.0006710580000799382, 0.0007977349998782302, 0.001748490000181846, 0.004731412999944951, 0.008663760999979786, 0.007684822000101121, 0.005240555999989738, 0.010455847000002905, 0.02714636300015627, 0.06502066699999887, 0.23901996700010386, 0.6965475920001154, 1.7251399780000156, 4.809934141999975, 11.980990398999893]]
[[10, 13, 19, 26, 37, 51, 71, 98, 137, 190, 263, 365, 507, 703, 976, 1353, 1877, 2604, 3613, 5011], [0.009559959999933199, 0.00014895399999659276, 9.927299993250926e-05, 0.0001439990001017577, 0.00020688099994004006, 0.00023730900011287304, 0.0009567780000452331, 0.0007610069999373081, 0.001198477000116327, 0.0036341790000733454, 0.008124593000047753, 0.007601238999995985, 0.012811207999902763, 0.027471092000041608, 0.06505725700003495, 0.22481940300008318, 0.6846349560000817, 1.7054647329998716, 4.879041299999926, 12.721020081999995]]
[[10, 13, 19, 26, 37, 51, 71, 98, 137, 190, 263, 365, 507, 703, 976, 1353, 1877, 2604, 3613, 5011], [0.00924803700013399, 0.00017951499989976583, 0.0002789430000120774, 0.00045073300020703755, 0.00020968400008314347, 0.00022856400005366595, 0.0004423150001002796, 0.00047567700016770686, 0.0020455010001114715, 0.0035009870000521914, 0.007513367000001381, 0.005217724999965867, 0.011690949000012552, 0.026837139000008392, 0.06472472200016455, 0.2309519549999095, 0.6541734299999007, 1.721447446999946, 4.766112532000079, 12.227342189999945]]
[[10, 13, 19, 26, 37, 51, 71, 98, 137, 190, 263, 365, 507, 703, 976, 1353, 1877, 2604, 3613, 5011], [0.00916047000009712, 0.0001955660000021453, 0.00013239899999462068, 0.00019277999990663375, 0.0002868739998120873, 0.00041485799988549843, 0.00045028800013824366, 0.0006500249999135121, 0.001970199000197681, 0.003946557000062967, 0.00750302999995256, 0.00680424100005439, 0.015147058999900764, 0.028337918000033824, 0.06307490700010021, 0.23360976699996172, 0.6601660420001281, 1.70936972100003, 4.697844916000122, 12.351399079999965]]
[[10, 13, 19, 26, 37, 51, 71, 98, 137, 190, 263, 365, 507, 703, 976, 1353, 1877, 2604, 3613, 5011], [0.008858797999891976, 0.00015536299997620517, 0.00011305199996058946, 0.00015736000000288186, 0.00022141799991004518, 0.00025672499987194897, 0.0005107200001930323, 0.0007512529998621176, 0.001896578000014415, 0.005324237999957404, 0.006983271000081004, 0.006496680000054766, 0.010599301999945965, 0.02690344099983122, 0.06156354000017927, 0.22510657899988473, 0.6844612649999817, 1.904402785000002, 5.134991383999932, 12.93744538299984]]
[[10, 13, 19, 26, 37, 51, 71, 98, 137, 190, 263, 365, 507, 703, 976, 1353, 1877, 2604, 3613, 5011], [0.008379931999797918, 0.00014919799991730542, 0.0001014759998270165, 0.00019116099997518177, 0.00023015600004328007, 0.0002554349998717953, 0.0006016710001404135, 0.0009020469999541092, 0.0020032369998261856, 0.003914617999953407, 0.007208816999991541, 0.0056213119999029, 0.011455974999989849, 0.037151538999978584, 0.06308595900009095, 0.2376288090001708, 0.7378613220000716, 1.746428023000135, 4.93944327600002, 12.388576867999973]]
[[10, 13, 19, 26, 37, 51, 71, 98, 137, 190, 263, 365, 507, 703, 976, 1353, 1877, 2604, 3613, 5011], [0.008702125999889176, 0.00034585100002004765, 0.000183841000080065, 0.0003598890000375832, 0.00032140500002242334, 0.00038856000014675374, 0.001026702999979534, 0.0007642179998583742, 0.0022707779999109334, 0.0034738849999484955, 0.0078904849999617, 0.005341477999991184, 0.013877711000077397, 0.02697344500006693, 0.07087681199982399, 0.23108391899995695, 0.6859456470001533, 1.7547857429999567, 4.851590857000019, 12.674689854000007]]
[[10, 13, 19, 26, 37, 51, 71, 98, 137, 190, 263, 365, 507, 703, 976, 1353, 1877, 2604, 3613, 5011], [0.008805749999964974, 0.00017311000010522548, 0.00012766899999405723, 0.00018160900003749703, 0.00022717999991073157, 0.00025268699982916587, 0.000623598999936803, 0.000635788000181492, 0.001964798000017254, 0.003462319999925967, 0.007212374999880922, 0.006406751999975313, 0.011661203999892678, 0.026494827000078658, 0.06475351399990359, 0.23445430600008876, 0.7023829029999433, 1.73396799499983, 4.929242355000042, 12.231229156999916]]
[[10, 13, 19, 26, 37, 51, 71, 98, 137, 190, 263, 365, 507, 703, 976, 1353, 1877, 2604, 3613, 5011], [0.008715105999954176, 0.0001534169998649304, 0.0001040669999383681, 0.00015542799997092516, 0.0002223900000899448, 0.0002518799999506882, 0.000496564000059152, 0.0007719459999862011, 0.003166844999896057, 0.0034734760001811082, 0.007192866999957914, 0.005148261999920578, 0.010535276999917187, 0.027447439999832568, 0.06266315099992426, 0.23427445400011493, 0.6858397949999926, 1.747402342999976, 4.750545536000118, 12.225814548000017]]
[[10, 13, 19, 26, 37, 51, 71, 98, 137, 190, 263, 365, 507, 703, 976, 1353, 1877, 2604, 3613, 5011], [0.00853488099983224, 0.00023999800009733008, 0.00013699900000574416, 0.00019803400005002914, 0.00046557600012420153, 0.0002955390000352054, 0.0006404509999811125, 0.0006682490000002872, 0.0019716249998964486, 0.0035707340000499244, 0.007359432999919591, 0.00516000399989025, 0.015122500999950717, 0.0304999529998895, 0.06393767800000205, 0.2322918990000744, 0.6808444060000056, 1.764887834999854, 4.891542890999972, 12.571969340999885]]
[[10, 13, 19, 26, 37, 51, 71, 98, 137, 190, 263, 365, 507, 703, 976, 1353, 1877, 2604, 3613, 5011], [0.009353830000009111, 0.00015143799987527018, 0.00010044099985861976, 0.00015680800015616114, 0.0004102729999431176, 0.000625905000106286, 0.0008716070001355547, 0.0008676530001139326, 0.001900378999835084, 0.0034555160000309115, 0.008684343999902921, 0.00541646400006357, 0.010602363000089099, 0.026915133000102287, 0.07809589099997538, 0.2560601630000292, 0.7175515519998044, 1.7066259740001897, 4.740971963999982, 12.448467546999836]]
[[10, 13, 19, 26, 37, 51, 71, 98, 137, 190, 263, 365, 507, 703, 976, 1353, 1877, 2604, 3613, 5011], [0.008919475000084276, 0.000229360000048473, 0.00019466699995973613, 0.0004772820000198408, 0.0005743520000578428, 0.00046240999995461607, 0.0004262550000930787, 0.0004734149999876536, 0.0024448540000321373, 0.0035092019998046453, 0.007304388000193285, 0.007440319000124873, 0.011887767999951393, 0.028080585999987306, 0.06582682399994155, 0.23700798699996994, 0.6847530599998208, 1.7510053529999823, 4.743495732999918, 12.850563334000071]]
[[10, 13, 19, 26, 37, 51, 71, 98, 137, 190, 263, 365, 507, 703, 976, 1353, 1877, 2604, 3613, 5011], [0.00932234799984144, 0.000153407999960109, 0.00010484500012353237, 0.00016991899997265136, 0.00022959900002206268, 0.0002727860000959481, 0.0008123469999645749, 0.0007363649999660993, 0.0019726390000869287, 0.004242040000008274, 0.0071014450002166996, 0.00869062800006759, 0.011169517000098494, 0.03254383300009067, 0.06526934400017126, 0.24737864400003673, 0.6510512720001316, 1.720022599999993, 4.888897799000006, 15.056856110999888]]
[[10, 13, 19, 26, 37, 51, 71, 98, 137, 190, 263, 365, 507, 703, 976, 1353, 1877, 2604, 3613, 5011], [0.00998985299997912, 0.00016852899989316938, 0.00013574599984167435, 0.0003481450000890618, 0.00028590099987013673, 0.0006261379999159544, 0.0023268520001238358, 0.001799820000087493, 0.0030825590001768433, 0.0038489900000513444, 0.007054838999920321, 0.005372116999978971, 0.014255563000006077, 0.03204035099997782, 0.07634200799998325, 0.30158692200006953, 0.7775913350001247, 1.8949915690000125, 5.4181971259999955, 13.98816881100015]]
[[10, 13, 19, 26, 37, 51, 71, 98, 137, 190, 263, 365, 507, 703, 976, 1353, 1877, 2604, 3613, 5011], [0.009002099999861457, 0.00024505000010321965, 0.00018249999993713573, 0.00023669899997003085, 0.0003325589998439682, 0.00028332000010777847, 0.001081838000118296, 0.0007844039998872177, 0.0024839650000103575, 0.0038794130000496807, 0.008449640999970143, 0.005483709000145609, 0.011017339000090942, 0.03138587600005849, 0.07155001000000993, 0.23071408199984944, 0.686242742000104, 1.721540209000068, 4.9428968340000665, 12.205957205000004]]
[[10, 13, 19, 26, 37, 51, 71, 98, 137, 190, 263, 365, 507, 703, 976, 1353, 1877, 2604, 3613, 5011], [0.008714808999911838, 0.00014911900007064105, 9.810200003812497e-05, 0.00014651999981651898, 0.0002072429999770975, 0.0002403720000074827, 0.0005095199999232136, 0.0006920069999978296, 0.003519527999969796, 0.004242781999892031, 0.007276068999999552, 0.0052461530001437495, 0.01043322900000021, 0.030718984000031924, 0.06707855200011181, 0.22360144799995396, 0.7222619739998208, 1.7821186649998708, 4.739725064999902, 12.494333207999944]]
[[10, 13, 19, 26, 37, 51, 71, 98, 137, 190, 263, 365, 507, 703, 976, 1353, 1877, 2604, 3613, 5011], [0.01093151999998554, 0.00015195600008155452, 0.00010082299991154287, 0.00014392200000656885, 0.00020631500001400127, 0.00024177500017685816, 0.0007056210001792351, 0.0007667990000754799, 0.002243032000023959, 0.003756846999976915, 0.007086938999918857, 0.00858967199997096, 0.011668227999962255, 0.027527401000043028, 0.06400136299998849, 0.2360020019998501, 0.6875987280000118, 1.744165793999855, 4.85152690599989, 12.849340373999894]]
[[10, 13, 19, 26, 37, 51, 71, 98, 137, 190, 263, 365, 507, 703, 976, 1353, 1877, 2604, 3613, 5011], [0.010904054999855362, 0.00020243200015102047, 0.00016240400009337463, 0.00021353200008888962, 0.0002600849998088961, 0.0003104359998360451, 0.001005236000082732, 0.000625123999952848, 0.00216703699993559, 0.003468645999873843, 0.0073043630000029225, 0.005339394999964497, 0.012272030999838535, 0.028746340999987297, 0.06473922500003937, 0.22338239299983798, 0.6800775239998984, 1.7380011840000407, 4.944557275999841, 12.668856363000032]]
[[10, 13, 19, 26, 37, 51, 71, 98, 137, 190, 263, 365, 507, 703, 976, 1353, 1877, 2604, 3613, 5011], [0.008812359999865294, 0.00020272200004001206, 0.00014331900001707254, 0.00019935599993914366, 0.0002928250000877597, 0.00035941500004810223, 0.0005927250001604989, 0.0006311499998901127, 0.0020707569999558473, 0.004934038000101282, 0.007124212999997326, 0.005257133999975849, 0.01487341799997921, 0.03202719699993395, 0.06921752299990658, 0.2371136449999085, 0.6822930429998451, 1.7638570069998423, 4.808358350000162, 12.716519891999951]]
[[10, 13, 19, 26, 37, 51, 71, 98, 137, 190, 263, 365, 507, 703, 976, 1353, 1877, 2604, 3613, 5011], [0.010206525000057809, 0.00021499900003618677, 0.0001603240000349615, 0.00022453800011135172, 0.0005262659999516472, 0.00030540400007339485, 0.0008040770001116471, 0.0005016180000438908, 0.0020481490000747726, 0.004758306999974593, 0.01291694900010043, 0.007179292000046189, 0.01844817799997145, 0.03123155099979158, 0.0676338250000299, 0.2616078739999921, 0.742790998999908, 1.7837091589999545, 5.096749706999844, 12.17314467899996]]
[[10, 13, 19, 26, 37, 51, 71, 98, 137, 190, 263, 365, 507, 703, 976, 1353, 1877, 2604, 3613, 5011], [0.010724870999865743, 0.0001738349999413913, 0.00018296700000064448, 0.00016569700005675259, 0.0002324600000065402, 0.0004681569998865598, 0.000719952999816087, 0.0010528440000143746, 0.001570496999875104, 0.002991726000118433, 0.006292270999892935, 0.012054678000140484, 0.027435997000111456, 0.06009068399998796, 0.1322907189999114, 0.32200710999995863, 0.8861920320000536, 2.395959108999932, 6.158611155000017, 15.426843468000015]]
[[10, 13, 19, 26, 37, 51, 71, 98, 137, 190, 263, 365, 507, 703, 976, 1353, 1877, 2604, 3613, 5011], [0.008050604000118255, 0.0001654030002100626, 0.00011412699996071751, 0.00014010600011715724, 0.0002209589999893069, 0.0002976890000354615, 0.0007440780000251834, 0.0009477059998062032, 0.001631509999924674, 0.004131001999894579, 0.008379203999993479, 0.011434054000119431, 0.026446334999945975, 0.057468749000008756, 0.13007335599991166, 0.31475885999998354, 0.8796874409999873, 2.3271190039999965, 6.124450678999892, 15.931672856999967]]
[[10, 13, 19, 26, 37, 51, 71, 98, 137, 190, 263, 365, 507, 703, 976, 1353, 1877, 2604, 3613, 5011], [0.00766811400012557, 0.00015952600006130524, 0.00013002799983041768, 0.00014394100003300991, 0.00024947100018835044, 0.0003067159998408897, 0.0005638420000195765, 0.0011124149998522626, 0.0017104350001773128, 0.0028606149999177433, 0.0074797259999286325, 0.011479240999960894, 0.026377063999916572, 0.0578836689999207, 0.12884783799995603, 0.3331191550000767, 0.8791046179999285, 2.3318523259999893, 6.1421951400000125, 15.242550434999885]]
[[10, 13, 19, 26, 37, 51, 71, 98, 137, 190, 263, 365, 507, 703, 976, 1353, 1877, 2604, 3613, 5011], [0.007040403000019069, 0.00016327900016221975, 0.00011805100007222791, 0.00014326600012282142, 0.00022832800004835008, 0.00035342499995749677, 0.0008794200000465935, 0.0009828689999267226, 0.0015449130000888545, 0.0028717069999402156, 0.007591738999963127, 0.013734225999996852, 0.024796250000008513, 0.05742127600001368, 0.12723148600002787, 0.31426570399980847, 0.9064912490000552, 2.3270150210000793, 5.886140482999963, 15.334690567000052]]
[[10, 13, 19, 26, 37, 51, 71, 98, 137, 190, 263, 365, 507, 703, 976, 1353, 1877, 2604, 3613, 5011], [0.007889449999993303, 0.00022790800016991852, 0.0001862690000962175, 0.00021357800005716854, 0.0003181209999638668, 0.00037267600009727175, 0.0008757639998293598, 0.0010518130000036763, 0.0015417540000726149, 0.0030690050000430347, 0.007742679999864777, 0.011338926000007632, 0.02636666300008983, 0.060899046000031376, 0.13540822000004482, 0.31717728400008127, 0.8913729079999939, 2.326673303000007, 5.909265634999883, 15.485003779999943]]
[[10, 13, 19, 26, 37, 51, 71, 98, 137, 190, 263, 365, 507, 703, 976, 1353, 1877, 2604, 3613, 5011], [0.007214777000172035, 0.0001546830001188937, 0.00010905099998126389, 0.0001773139999841078, 0.00023459399994862906, 0.0004432099999576167, 0.0007766359999550332, 0.0009466120000070077, 0.0017697779999252816, 0.00282198500008235, 0.00762827800008381, 0.011418377000154578, 0.024835411000140084, 0.057691951000151676, 0.1273102130001007, 0.32047019700007695, 0.9003371929998139, 2.2957310379999853, 6.290954302000046, 15.988576361999776]]
[[10, 13, 19, 26, 37, 51, 71, 98, 137, 190, 263, 365, 507, 703, 976, 1353, 1877, 2604, 3613, 5011], [0.007228583000141953, 0.0001681190001363575, 0.00014707699983773637, 0.00014546500005963026, 0.0002280429998791078, 0.0003055510001104267, 0.001011653000205115, 0.0009638540000196372, 0.0017247719997612876, 0.00288386400006857, 0.00898494600005506, 0.011387447000288375, 0.023963033000200085, 0.05735970600017026, 0.12488824799993381, 0.3146730420003223, 0.886977522000052, 2.2785120200001074, 6.028105445000165, 22.677680750000036]]
[[10, 13, 19, 26, 37, 51, 71, 98, 137, 190, 263, 365, 507, 703, 976, 1353, 1877, 2604, 3613, 5011], [0.010225236000223958, 0.00020163899989711354, 0.00014691400019728462, 0.0001710789997559914, 0.00028506499984359834, 0.0004998620001970266, 0.0007789069995851605, 0.0009689240000625432, 0.0018885130002672668, 0.0033340730001327756, 0.008725545000288548, 0.012258239000402682, 0.026480410000203847, 0.06779028500022832, 0.13412864199972319, 0.33729501500010883, 2.338943338000263, 2.735173156000201, 7.156598765999661, 17.28947479699991]]
[[10, 13, 19, 26, 37, 51, 71, 98, 137, 190, 263, 365, 507, 703, 976, 1353, 1877, 2604, 3613, 5011], [0.007889919999797712, 0.00021832299989910098, 0.0001516579995950451, 0.00018967999994856655, 0.00029561600013039424, 0.0005607870002677373, 0.0010434209998493316, 0.0011232420001761056, 0.001647759000206861, 0.0031995599997571844, 0.009361747999719228, 0.013403156000094896, 0.02494031600008384, 0.06465301099979115, 0.15242743800035896, 0.33242399400023714, 0.9772527390000505, 2.7778646909996496, 8.234942498000237, 17.69638206799982]]
[[10, 13, 19, 26, 37, 51, 71, 98, 137, 190, 263, 365, 507, 703, 976, 1353, 1877, 2604, 3613, 5011], [0.008142495000356575, 0.0001636890001464053, 0.00011729600009857677, 0.00014332099999592174, 0.00028855799973825924, 0.00048660799984645564, 0.0008828420000099868, 0.0010080140000354731, 0.001949661999788077, 0.0038805250001132663, 0.009356185999877198, 0.012564893999751803, 0.024670339999829594, 0.07712397300019802, 0.12741174300026614, 0.3223637910000434, 0.8957776809997995, 2.3088378379998176, 6.2197985009997865, 18.33976934500015]]
[[10, 13, 19, 26, 37, 51, 71, 98, 137, 190, 263, 365, 507, 703, 976, 1353, 1877, 2604, 3613, 5011], [0.007427228999858926, 0.00016023799980757758, 0.00010982200001308229, 0.00013348300035431748, 0.00021800500007884693, 0.00029121099987605703, 0.0007602990003761079, 0.001129851999849052, 0.0015787610000188579, 0.003317649000109668, 0.009051950999946712, 0.012537062000319565, 0.029811499000061303, 0.09033565499976248, 0.190863790000094, 0.4620084680000218, 1.1264716280002176, 3.0337771680001424, 6.176098764000017, 18.504286242000035]]
[[10, 13, 19, 26, 37, 51, 71, 98, 137, 190, 263, 365, 507, 703, 976, 1353, 1877, 2604, 3613, 5011], [0.01313356400032717, 0.0005295989999467565, 0.0005241769999884127, 0.00025783599994610995, 0.0014326550003715965, 0.0016842820000420033, 0.0007092400001056376, 0.001181821000045602, 0.004143017999922449, 0.003526095000324858, 0.009602633000213245, 0.012865778999639588, 0.032627784999931464, 0.13208017199985989, 0.16452867900034107, 0.3913546389999283, 1.0031410869996762, 3.0730373470000814, 7.261241748999964, 17.799381686999823]]
[[10, 13, 19, 26, 37, 51, 71, 98, 137, 190, 263, 365, 507, 703, 976, 1353, 1877, 2604, 3613, 5011], [0.009294216999933269, 0.0001582120003149612, 0.00010935299997072434, 0.00013153700001566904, 0.00022052700023778016, 0.00044001300011586864, 0.0007835630003683036, 0.0009740310001689068, 0.001642016000005242, 0.002857822999885684, 0.00768615500010128, 0.011439962999702402, 0.023894511999969836, 0.05679780600030426, 0.12776104000022315, 0.3505302120001943, 0.9927153099997668, 3.3396785019999697, 6.284423521999997, 16.150286237000273]]
[[10, 13, 19, 26, 37, 51, 71, 98, 137, 190, 263, 365, 507, 703, 976, 1353, 1877, 2604, 3613, 5011], [0.007662374000119598, 0.00030281099998319405, 0.000144058999921981, 0.0005634449998979107, 0.00022611100030189846, 0.00028676800002358505, 0.0005806759995721222, 0.000817570999970485, 0.00159807499994713, 0.003521408999858977, 0.008885611000096105, 0.011453109999820299, 0.025638123000135238, 0.05870573099991816, 0.13387548900027468, 0.3320713829998567, 0.9328041939998002, 2.3736901050001507, 7.664522721000139, 16.072484052000164]]
[[10, 13, 19, 26, 37, 51, 71, 98, 137, 190, 263, 365, 507, 703, 976, 1353, 1877, 2604, 3613, 5011], [0.008257179999873188, 0.00016749699989304645, 0.00011784499974965001, 0.00014480900017588283, 0.00022900900012245984, 0.00032629099996484, 0.0007327600001190149, 0.0009179130001939484, 0.0015342820001933433, 0.002982023000186018, 0.008936066999922332, 0.013719494999804738, 0.025498553000034008, 0.06032154700005776, 0.1349808319996555, 0.3312142730001142, 1.0829212619996724, 3.243748934999985, 6.569620877000034, 15.69546527700004]]
[[10, 13, 19, 26, 37, 51, 71, 98, 137, 190, 263, 365, 507, 703, 976, 1353, 1877, 2604, 3613, 5011], [0.008284924999770737, 0.00030248899975049426, 0.00023865399998612702, 0.00013790100001642713, 0.00020822399983444484, 0.00028002299995932844, 0.0005274310001368576, 0.0010411420003038074, 0.0017298790003223985, 0.0029137009996702545, 0.00943323399997098, 0.011514037999859283, 0.024237404000359675, 0.05871219700020447, 0.12991504000001441, 0.3218521650001094, 0.8840331279998281, 2.339143914000033, 5.970188571999643, 15.899442851999993]]
[[10, 13, 19, 26, 37, 51, 71, 98, 137, 190, 263, 365, 507, 703, 976, 1353, 1877, 2604, 3613, 5011], [0.008654752999973425, 0.00015696700029366184, 0.00012268299997231225, 0.00014410499989025993, 0.0002274309999847901, 0.00034098300011464744, 0.0006234550000954187, 0.000990487999843026, 0.001995387000079063, 0.00285846999986461, 0.008579478000228846, 0.012040054999943095, 0.023899578000055044, 0.05893958800015753, 0.1349695850003627, 0.32390487400016355, 0.902189584000098, 2.3338027510003485, 6.06059845999971, 15.419474977999926]]
[[10, 13, 19, 26, 37, 51, 71, 98, 137, 190, 263, 365, 507, 703, 976, 1353, 1877, 2604, 3613, 5011], [0.007301856999674783, 0.00020622500005629263, 0.00019010200003322097, 0.00021875900029044715, 0.0003226049998374947, 0.00035345099968253635, 0.0007132020000426564, 0.0009553919999234495, 0.0015553440002804564, 0.0028537719999803812, 0.007719147999978304, 0.011492286000247987, 0.026871655999912036, 0.0598985569999968, 0.13666262100014137, 0.3179065740000624, 0.9069186859996989, 2.339144041000054, 6.161649026999839, 15.369881652999993]]
[[10, 13, 19, 26, 37, 51, 71, 98, 137, 190, 263, 365, 507, 703, 976, 1353, 1877, 2604, 3613, 5011], [0.008288837999771204, 0.000194958000065526, 0.00012482300007832237, 0.00017659699960859143, 0.0002786549998745613, 0.0003402800002731965, 0.0007524090001425066, 0.0010817110000971297, 0.001580990000093152, 0.0029489620001186267, 0.007956880000165256, 0.011463531999652332, 0.02640371600000435, 0.0601547380001648, 0.14356746699968426, 0.3243708160002825, 0.9434741490003944, 2.3270895770001516, 7.31968717799964, 15.94752907100019]]
[[10, 13, 19, 26, 37, 51, 71, 98, 137, 190, 263, 365, 507, 703, 976, 1353, 1877, 2604, 3613, 5011], [0.007762921999983519, 0.00017369599981975625, 0.00011924599994017626, 0.00014192900016496424, 0.00036999299982198863, 0.0003123080000477785, 0.0010794939998959308, 0.0012286169999242702, 0.0018687150000005204, 0.0034909389996755635, 0.008293336999940948, 0.01156876100003501, 0.02526359700004832, 0.05678511800033448, 0.1352846359995965, 0.3166354740001225, 0.8835377549999066, 2.339340312999866, 6.1730315579998205, 15.884761571000126]]
[[10, 13, 19, 26, 37, 51, 71, 98, 137, 190, 263, 365, 507, 703, 976, 1353, 1877, 2604, 3613, 5011], [0.010781633000078727, 0.00020460099995034398, 0.0001575649998812878, 0.0001589549997333961, 0.00036007600010634633, 0.0006095670000831888, 0.0010562059997027973, 0.001663254000050074, 0.006198829999902955, 0.005379030000312923, 0.01155406900033995, 0.022124046000044473, 0.05152330200007782, 0.13278603599974304, 0.3241746400003649, 0.7754696729998614, 2.1023451689998183, 5.127570848999767, 13.482614865999949, 32.52044703999991]]
[[10, 13, 19, 26, 37, 51, 71, 98, 137, 190, 263, 365, 507, 703, 976, 1353, 1877, 2604, 3613, 5011], [0.007816007000201353, 0.00021730800017394358, 0.00012266800013094326, 0.00016050200019890326, 0.0002824329999384645, 0.0003718329999173875, 0.0015819250002095941, 0.001125733000208129, 0.0018784660001074371, 0.004510807999849931, 0.011702630999934627, 0.024327401999926224, 0.05413339200003975, 0.13513583800022388, 0.32143225400022857, 0.7831672190000063, 2.0341281439996237, 4.975501998999789, 13.10777224100002, 32.652601796]]
[[10, 13, 19, 26, 37, 51, 71, 98, 137, 190, 263, 365, 507, 703, 976, 1353, 1877, 2604, 3613, 5011], [0.007897778999904403, 0.0002094490000672522, 0.00015056200027174782, 0.00013403999992078752, 0.00025075899975490756, 0.0006116299996392627, 0.0007361269999819342, 0.0011383159999240888, 0.0026082190001943673, 0.004980310000064492, 0.012736783000036667, 0.022708084999976563, 0.05351886300013575, 0.13148381900009554, 0.3233297860001585, 0.768933534000098, 2.0342902239999603, 4.95686896899997, 12.969211069999801, 32.11397896100016]]
[[10, 13, 19, 26, 37, 51, 71, 98, 137, 190, 263, 365, 507, 703, 976, 1353, 1877, 2604, 3613, 5011], [0.00953190199970777, 0.00014232499961508438, 9.885800000120071e-05, 0.00012862300036431407, 0.0002563789998930588, 0.00032442100018670317, 0.0008409050001318974, 0.0012311639998188184, 0.002055801000096835, 0.004249037000136013, 0.01159510900015448, 0.02312487599965607, 0.051725453000017296, 0.1304533210000045, 0.3159454259998711, 0.773428320000221, 2.030393905999972, 4.933804575999602, 12.95953382100015, 33.084353268000086]]
[[10, 13, 19, 26, 37, 51, 71, 98, 137, 190, 263, 365, 507, 703, 976, 1353, 1877, 2604, 3613, 5011], [0.008159268000326847, 0.00013504299977284973, 9.167100006379769e-05, 0.00011519800000314717, 0.0002397879998170538, 0.0003127429999949527, 0.0011307710001347004, 0.0011053570001422486, 0.0030963029998929414, 0.0055117330002758536, 0.012752324999837583, 0.021748875999946904, 0.05194573000017044, 0.1301108180000483, 0.3192733269997916, 0.773818941999707, 1.9996846029998778, 4.932189609000034, 13.201892872999906, 32.52929395399997]]
[[10, 13, 19, 26, 37, 51, 71, 98, 137, 190, 263, 365, 507, 703, 976, 1353, 1877, 2604, 3613, 5011], [0.007972862999849895, 0.0001372500000798027, 9.279699997932767e-05, 0.00011499399988679215, 0.00035011599993595155, 0.0003700230004142213, 0.0007946299997456663, 0.001162685000053898, 0.0021268790001158777, 0.004244942000241281, 0.011461539999800152, 0.02240720700001475, 0.05380248899973594, 0.1366292840002643, 0.31364140400000906, 0.7581805980003082, 2.07457383100018, 5.072438423999756, 12.842365126000004, 31.842106946000058]]
[[10, 13, 19, 26, 37, 51, 71, 98, 137, 190, 263, 365, 507, 703, 976, 1353, 1877, 2604, 3613, 5011], [0.0076876140001331805, 0.0002330219999748806, 0.00011444100027802051, 0.00015653900027245982, 0.0003163870001117175, 0.00039181200008897576, 0.0007022789995971834, 0.0014477750000878586, 0.0018950209996546619, 0.004161562999797752, 0.012542288000076951, 0.022033322999959637, 0.057949317999828054, 0.13157284900034938, 0.3226071930002945, 0.7658438170001318, 2.0271045240001513, 4.935851770999761, 12.898688630999914, 32.20671811300008]]
[[10, 13, 19, 26, 37, 51, 71, 98, 137, 190, 263, 365, 507, 703, 976, 1353, 1877, 2604, 3613, 5011], [0.007966962999944371, 0.00014666900005977368, 0.0001000269999167358, 0.00015635499994459678, 0.0002327890001652122, 0.0006967180001993256, 0.0007796569998390623, 0.0011128660003123514, 0.0019676130000334524, 0.00425907399994685, 0.012086656000064977, 0.023640298999907827, 0.05270728000004965, 0.13249468000003617, 0.3414436870002646, 0.8140327629998865, 2.098607315999743, 4.972814560000188, 13.888596560000224, 32.45433963100004]]
[[10, 13, 19, 26, 37, 51, 71, 98, 137, 190, 263, 365, 507, 703, 976, 1353, 1877, 2604, 3613, 5011], [0.008342014999925595, 0.00014994499997555977, 9.888399972624029e-05, 0.00012903000015285215, 0.00024140699997587944, 0.0003274410000813077, 0.001028521000080218, 0.0011394399998607696, 0.0018809099997270096, 0.004200074999971548, 0.011358879999988858, 0.023216596000111167, 0.056492551999781426, 0.12971543799994834, 0.31710139799997705, 0.782629125999847, 2.024202760999742, 4.918338635000055, 12.838265168999897, 31.932693897999798]]
[[10, 13, 19, 26, 37, 51, 71, 98, 137, 190, 263, 365, 507, 703, 976, 1353, 1877, 2604, 3613, 5011], [0.0079094120001173, 0.00014122099992164294, 9.311100029663066e-05, 0.00011540099967533024, 0.00026420299991514185, 0.00031282200006899075, 0.0008292380002785649, 0.0011392340002203127, 0.0018882940003095428, 0.004202953999993042, 0.01245194300008734, 0.02182522000020981, 0.057544012000107614, 0.13124971100023686, 0.3172776569999769, 0.7611209560000134, 2.031663042999753, 4.984811456999978, 12.79127342899983, 32.97379343200009]]
[[10, 13, 19, 26, 37, 51, 71, 98, 137, 190, 263, 365, 507, 703, 976, 1353, 1877, 2604, 3613, 5011], [0.007971163000092929, 0.00014347400019687484, 9.42209999266197e-05, 0.00011498200001369696, 0.00022266500036494108, 0.00031089100002645864, 0.0007657880000806472, 0.0012717720001091948, 0.001908762000311981, 0.004165305999777047, 0.011247679000007338, 0.02650488299968856, 0.05071107000003394, 0.12954123999998046, 0.318766962999689, 0.7627008460003708, 2.1338736060001793, 5.059531576000154, 13.193474940000215, 31.754194891000225]]
[[10, 13, 19, 26, 37, 51, 71, 98, 137, 190, 263, 365, 507, 703, 976, 1353, 1877, 2604, 3613, 5011], [0.008279078000214213, 0.00014564299999619834, 9.795899995879154e-05, 0.0001253079999514739, 0.00024375099974349723, 0.0003253980003137258, 0.0007908320003480185, 0.0012616359999810811, 0.0018841669998437283, 0.0041918949996215815, 0.011604228999658517, 0.026843563000056747, 0.05105997300006493, 0.1307617110001047, 0.32377049399974567, 0.7865614249999453, 2.013364799000101, 4.931323110999983, 13.099073921000127, 32.14340977899974]]
[[10, 13, 19, 26, 37, 51, 71, 98, 137, 190, 263, 365, 507, 703, 976, 1353, 1877, 2604, 3613, 5011], [0.00808040499987328, 0.0001712110001790279, 0.00011968800026807003, 0.00012715699995169416, 0.0002382809998380253, 0.0003233410002394521, 0.0006968790003156755, 0.0011019189996659406, 0.0021130840000296303, 0.004211476999898878, 0.012019183000120393, 0.023168833999989147, 0.0512851190001129, 0.1300040880000779, 0.31494158700024855, 0.7586290379999809, 2.025308121999842, 4.977131607000047, 12.909265413999947, 31.831229069000074]]
[[10, 13, 19, 26, 37, 51, 71, 98, 137, 190, 263, 365, 507, 703, 976, 1353, 1877, 2604, 3613, 5011], [0.007909741000275972, 0.0001734019997456926, 0.00012698099999397527, 0.00015869200024098973, 0.00031209500002660207, 0.0008179659998859279, 0.001153509999767266, 0.0013785770001959463, 0.001940463000210002, 0.00419414299994969, 0.011574575999929948, 0.02325975199983077, 0.055570490999798494, 0.13028005599971948, 0.3193771799997194, 0.7620779160001803, 2.028025936999711, 4.962601085000188, 13.015574014999856, 32.10566748000019]]
[[10, 13, 19, 26, 37, 51, 71, 98, 137, 190, 263, 365, 507, 703, 976, 1353, 1877, 2604, 3613, 5011], [0.009989039000174671, 0.00018731799991655862, 0.00013583600002675666, 0.0001621549999981653, 0.0003310870001769217, 0.0007894450000094366, 0.0010213000000476313, 0.0015904419997241348, 0.0027638030001071456, 0.006478674999925715, 0.01536666799984232, 0.025301896999735618, 0.05350837799960573, 0.13265701000000263, 0.3084263830000964, 0.7611359059997085, 2.0187084149997645, 4.978520197999842, 12.939731896000012, 32.13008360200001]]
[[10, 13, 19, 26, 37, 51, 71, 98, 137, 190, 263, 365, 507, 703, 976, 1353, 1877, 2604, 3613, 5011], [0.007604234000154975, 0.00013831000023856177, 9.270500004276983e-05, 0.00011765299996113754, 0.0002272110000376415, 0.00031121000029088464, 0.0007885610002631438, 0.0012932120002915326, 0.0021232939998299116, 0.004210138999951596, 0.012132337000366533, 0.022102737000295747, 0.06275549800011504, 0.12981184099999155, 0.32104172800018205, 0.7652838399999382, 2.010447912000018, 5.025914442000158, 12.828614060000291, 32.26411946500002]]
[[10, 13, 19, 26, 37, 51, 71, 98, 137, 190, 263, 365, 507, 703, 976, 1353, 1877, 2604, 3613, 5011], [0.007824687999800517, 0.0001490609997745196, 0.00011791800034188782, 0.00014753300001757452, 0.0002407619999758026, 0.0003272839999226562, 0.0007400210001833329, 0.0013164639999558858, 0.001966976999938197, 0.004246602000421262, 0.011491296999793121, 0.022015636000105587, 0.05386658500037811, 0.12921938099998442, 0.3146479619999809, 0.7774122310001985, 2.0036441789998207, 4.995987128000252, 12.823036365000007, 32.32973392800022]]
[[10, 13, 19, 26, 37, 51, 71, 98, 137, 190, 263, 365, 507, 703, 976, 1353, 1877, 2604, 3613, 5011], [0.007924745000309485, 0.00013964000027044676, 9.340900032839272e-05, 0.00011621300018305192, 0.0008298449997710122, 0.000448245999905339, 0.0007068499999149935, 0.001122144999953889, 0.0018999290000465408, 0.004168958999798633, 0.011436574000072142, 0.026653999000245676, 0.05152841799963426, 0.13087072799999078, 0.31740390200002366, 0.7643660109997654, 2.0093914020003467, 4.936998899000173, 13.019373069999801, 32.01022362100002]]
[[10, 13, 19, 26, 37, 51, 71, 98, 137, 190, 263, 365, 507, 703, 976, 1353, 1877, 2604, 3613, 5011], [0.007945219999783149, 0.00018110600012732903, 0.00014438399966820725, 0.0001756540000314999, 0.00033095600019805715, 0.0003720509998856869, 0.0007282890001079068, 0.0012836679998144973, 0.002116681999723369, 0.004231906999848434, 0.014652623000074527, 0.022347362999880716, 0.05074506200026008, 0.12890546500011624, 0.32180668599994533, 0.7622939280004175, 2.042867966000358, 4.936961784999767, 12.983072126000025, 32.34798227400006]]
[[10, 13, 19, 26, 37, 51, 71, 98, 137, 190, 263, 365, 507, 703, 976, 1353, 1877, 2604, 3613, 5011], [0.008135083000070154, 0.00014270000019678264, 9.881200003292179e-05, 0.00011893000009877142, 0.00022818699972049217, 0.0003115770000476914, 0.0008106489999590849, 0.001239303000147629, 0.001963725999758026, 0.004408588999922358, 0.013069315999928222, 0.027119704999677197, 0.050976739000361704, 0.13770554200027618, 0.31690001700007997, 0.760893661999944, 2.0153972410003007, 5.010530304999975, 12.89324363600008, 32.12098220300004]]
